1735589308747 0.0 0
1735589391013 1.0 1
1735589473710 2.0 2
1735589555573 3.0 3
1735589637074 4.0 4
1735589718954 5.0 5
1735589801896 6.0 6
1735589883569 7.0 7
1735589966291 8.0 8
1735590048629 9.0 9
1735590131033 10.0 10
1735590213804 11.0 11
1735590295590 12.0 12
1735590377835 13.0 13
1735590459974 14.0 14
1735590541428 15.0 15
1735590622824 16.0 16
1735590702637 17.0 17
1735590782786 18.0 18
1735590863075 19.0 19
1735590944634 20.0 20
1735591027223 21.0 21
1735591110140 22.0 22
1735591192575 23.0 23
1735591274459 24.0 24
1735591356819 25.0 25
1735591438487 26.0 26
1735591520399 27.0 27
