1735589308748 6993608.0 0
1735589391014 6993608.0 1
1735589473711 6993608.0 2
1735589555573 6993608.0 3
1735589637075 6993608.0 4
1735589718955 6993608.0 5
1735589801896 6993608.0 6
1735589883570 6993608.0 7
1735589966292 6993608.0 8
1735590048630 6993608.0 9
1735590131034 6993608.0 10
1735590213805 6993608.0 11
1735590295591 6993608.0 12
1735590377836 6993608.0 13
1735590459975 6993608.0 14
1735590541429 6993608.0 15
1735590622824 6993608.0 16
1735590702637 6993608.0 17
1735590782786 6993608.0 18
1735590863076 6993608.0 19
1735590944634 6993608.0 20
1735591027223 6993608.0 21
1735591110141 6993608.0 22
1735591192576 6993608.0 23
1735591274459 6993608.0 24
1735591356819 6993608.0 25
1735591438488 6993608.0 26
1735591520399 6993608.0 27
