1735589308744 5.3338798535175815 0
1735589391009 5.293209212865585 1
1735589473707 5.251424772922809 2
1735589555570 5.180118452585661 3
1735589637071 5.110066908445114 4
1735589718952 5.070397982841883 5
1735589801893 5.049515468034989 6
1735589883566 5.02246612463242 7
1735589966288 5.01116793461335 8
1735590048626 4.995384930953001 9
1735590131030 4.973306276248052 10
1735590213801 4.966381154916225 11
1735590295587 4.939656608532637 12
1735590377833 4.930661116502224 13
1735590459971 4.910936331748962 14
1735590541426 4.902194377092215 15
1735590622821 4.889815661846063 16
1735590702634 4.8590786408155395 17
1735590782783 4.845928524702023 18
1735590863073 4.8268694296861305 19
1735590944631 4.806472041668036 20
1735591027220 4.809108875959348 21
1735591110137 4.7865585565567015 22
1735591192572 4.7567816257476805 23
1735591274456 4.74848066721207 24
1735591356816 4.736442048121721 25
1735591438485 4.716665729498252 26
1735591520396 4.696697026032668 27
