1735589308743 1.0000000000000025e-05 0
1735589391008 1.0000000000000025e-05 1
1735589473706 8.499999999999947e-06 2
1735589555569 7.000000000000032e-06 3
1735589637070 5.50000000000002e-06 4
1735589718950 4.00000000000003e-06 5
1735589801891 3.00240473580836e-06 6
1735589883565 3.216186271093936e-06 7
1735589966287 3.4632069044597638e-06 8
1735590048625 3.740760226154287e-06 9
1735590131029 4.0458053039032486e-06 10
1735590213800 4.375000000000026e-06 11
1735590295586 4.724737588465774e-06 12
1735590377831 5.091186271093909e-06 13
1735590459970 5.470331159433411e-06 14
1735590541424 5.858018262746286e-06 15
1735590622820 6.250000000000015e-06 16
1735590702633 6.641981737253659e-06 17
1735590782782 7.029668840566643e-06 18
1735590863071 7.408813728905997e-06 19
1735590944630 7.775262411534243e-06 20
1735591027219 8.124999999999986e-06 21
1735591110136 8.454194696096704e-06 22
1735591192571 8.759239773845759e-06 23
1735591274454 9.036793095540225e-06 24
1735591356815 9.283813728906015e-06 25
1735591438483 9.497595264191584e-06 26
1735591520394 9.675795466159745e-06 27
