1735590951794 0.0 0
1735591032236 1.0 1
1735591114356 2.0 2
1735591195796 3.0 3
1735591276064 4.0 4
1735591357047 5.0 5
1735591438623 6.0 6
1735591518635 7.0 7
1735591599716 8.0 8
1735591680011 9.0 9
1735591761553 10.0 10
1735591842110 11.0 11
1735591921510 12.0 12
1735592001440 13.0 13
1735592082093 14.0 14
1735592162543 15.0 15
1735592242108 16.0 16
1735592322125 17.0 17
1735592401544 18.0 18
1735592480919 19.0 19
1735592561930 20.0 20
1735592642696 21.0 21
1735592722832 22.0 22
1735592802712 23.0 23
1735592883050 24.0 24
1735592963413 25.0 25
1735593043493 26.0 26
1735593123635 27.0 27
1735593204211 28.0 28
1735593284000 29.0 29
