1735590951795 25488584.0 0
1735591032237 25488584.0 1
1735591114356 25488584.0 2
1735591195797 25488584.0 3
1735591276064 25488584.0 4
1735591357048 25488584.0 5
1735591438624 25488584.0 6
1735591518635 25488584.0 7
1735591599717 25488584.0 8
1735591680011 25488584.0 9
1735591761554 25488584.0 10
1735591842111 25488584.0 11
1735591921511 25488584.0 12
1735592001441 25488584.0 13
1735592082094 25488584.0 14
1735592162543 25488584.0 15
1735592242109 25488584.0 16
1735592322126 25488584.0 17
1735592401544 25488584.0 18
1735592480920 25488584.0 19
1735592561930 25488584.0 20
1735592642696 25488584.0 21
1735592722832 25488584.0 22
1735592802713 25488584.0 23
1735592883051 25488584.0 24
1735592963414 25488584.0 25
1735593043494 25488584.0 26
1735593123636 25488584.0 27
1735593204212 25488584.0 28
1735593284001 25488584.0 29
