1735590951790 1.000000000000002e-05 0
1735591032232 1.000000000000002e-05 1
1735591114352 2.7999999999999966e-05 2
1735591195792 4.600000000000003e-05 3
1735591276058 6.399999999999989e-05 4
1735591357043 8.199999999999982e-05 5
1735591438619 9.397114317029968e-05 6
1735591518630 9.140576474687272e-05 7
1735591599711 8.844151714648274e-05 8
1735591680006 8.511087728614856e-05 9
1735591761547 8.145033635316109e-05 10
1735591842105 7.750000000000014e-05 11
1735591921506 7.330314893841112e-05 12
1735592001433 6.890576474687273e-05 13
1735592082089 6.435602608679916e-05 14
1735592162535 5.970378084704448e-05 15
1735592242104 5.5000000000000056e-05 16
1735592322121 5.0296219152955624e-05 17
1735592401539 4.564397391320076e-05 18
1735592480915 4.109423525312742e-05 19
1735592561925 3.6696851061588955e-05 20
1735592642687 3.2499999999999984e-05 21
1735592722823 2.854966364683869e-05 22
1735592802707 2.4889122713851394e-05 23
1735592883046 2.1558482853517246e-05 24
1735592963409 1.859423525312735e-05 25
1735593043488 1.6028856829700256e-05 26
1735593123631 1.3890454406082976e-05 27
1735593204203 1.2202456766718074e-05 28
1735593283996 1.0983357966978757e-05 29
