1735590951791 5.315070926528616 0
1735591032234 5.120161068808172 1
1735591114353 4.400909449021841 2
1735591195793 3.693922958423182 3
1735591276060 3.3466838432341506 4
1735591357044 3.190866304427078 5
1735591438621 3.1233699426208577 6
1735591518632 3.0748718568344704 7
1735591599713 2.9754383444171593 8
1735591680007 2.9767921778959097 9
1735591761549 2.9448656064947856 10
1735591842107 2.9185441105636123 11
1735591921507 2.9280563583693553 12
1735592001435 2.8937825118143534 13
1735592082090 2.877318300229987 14
1735592162537 2.8440270350151455 15
1735592242105 2.835294556986425 16
1735592322122 2.809995438020254 17
1735592401541 2.7680575884494587 18
1735592480916 2.684381308629341 19
1735592561927 2.7433720353952387 20
1735592642689 2.760849760672481 21
1735592722824 2.7692219980598725 22
1735592802709 2.7325803213512776 23
1735592883047 2.7258107096878526 24
1735592963411 2.7215090221965434 25
1735593043490 2.6975715406162224 26
1735593123632 2.720252061627575 27
1735593204204 2.661667200707898 28
1735593283998 2.698538782055845 29
