1735582957125 0.0 0
1735583039380 1.0 1
1735583121041 2.0 2
1735583203299 3.0 3
1735583285211 4.0 4
1735583366447 5.0 5
1735583448550 6.0 6
1735583530821 7.0 7
1735583613642 8.0 8
1735583695852 9.0 9
1735583777625 10.0 10
1735583861176 11.0 11
1735583943571 12.0 12
1735584025272 13.0 13
1735584107633 14.0 14
1735584189786 15.0 15
1735584272334 16.0 16
1735584354398 17.0 17
1735584436866 18.0 18
1735584519023 19.0 19
1735584600575 20.0 20
1735584684101 21.0 21
1735584766419 22.0 22
1735584850204 23.0 23
1735584934366 24.0 24
