1735582957126 7148008.0 0
1735583039381 7148008.0 1
1735583121042 7148008.0 2
1735583203299 7148008.0 3
1735583285211 7148008.0 4
1735583366447 7148008.0 5
1735583448550 7148008.0 6
1735583530822 7148008.0 7
1735583613642 7148008.0 8
1735583695853 7148008.0 9
1735583777626 7148008.0 10
1735583861177 7148008.0 11
1735583943576 7148008.0 12
1735584025273 7148008.0 13
1735584107634 7148008.0 14
1735584189787 7148008.0 15
1735584272335 7148008.0 16
1735584354399 7148008.0 17
1735584436867 7148008.0 18
1735584519023 7148008.0 19
1735584600576 7148008.0 20
1735584684102 7148008.0 21
1735584766420 7148008.0 22
1735584850205 7148008.0 23
1735584934367 7148008.0 24
