1735582957121 1.0000000000000025e-05 0
1735583039376 1.0000000000000025e-05 1
1735583121037 8.499999999999947e-06 2
1735583203294 7.000000000000032e-06 3
1735583285206 5.50000000000002e-06 4
1735583366443 4.00000000000003e-06 5
1735583448545 3.00240473580836e-06 6
1735583530817 3.216186271093936e-06 7
1735583613637 3.4632069044597638e-06 8
1735583695848 3.740760226154287e-06 9
1735583777621 4.0458053039032486e-06 10
1735583861172 4.375000000000026e-06 11
1735583943567 4.724737588465774e-06 12
1735584025268 5.091186271093909e-06 13
1735584107628 5.470331159433411e-06 14
1735584189782 5.858018262746286e-06 15
1735584272330 6.250000000000015e-06 16
1735584354394 6.641981737253659e-06 17
1735584436861 7.029668840566643e-06 18
1735584519019 7.408813728905997e-06 19
1735584600571 7.775262411534243e-06 20
1735584684097 8.124999999999986e-06 21
1735584766415 8.454194696096704e-06 22
1735584850199 8.759239773845759e-06 23
1735584934361 9.036793095540225e-06 24
