1735582957122 6.060652318978921 0
1735583039378 5.6877054697428 1
1735583121038 5.6409027955470945 2
1735583203296 5.603893598532065 3
1735583285208 5.563837620539543 4
1735583366444 5.534274259591714 5
1735583448547 5.518313596798824 6
1735583530818 5.498592042922974 7
1735583613639 5.485519494765844 8
1735583695849 5.468829283347497 9
1735583777622 5.448225993376512 10
1735583861174 5.433653560051551 11
1735583943568 5.407493092463567 12
1735584025270 5.39041852584252 13
1735584107630 5.36788667348715 14
1735584189783 5.3547560942478665 15
1735584272332 5.3324488016275255 16
1735584354396 5.301794821176774 17
1735584436864 5.283575885723799 18
1735584519020 5.262392567365597 19
1735584600572 5.237406955621181 20
1735584684099 5.231186483456538 21
1735584766416 5.214026440718235 22
1735584850201 5.183080613307464 23
1735584934363 5.17242398139758 24
