1734505507310 0.0 0
1734505534256 1.0 1
1734505562529 2.0 2
1734505589916 3.0 3
1734505616997 4.0 4
1734505644495 5.0 5
1734505672012 6.0 6
1734505699772 7.0 7
1734505727010 8.0 8
1734505754429 9.0 9
1734505782480 10.0 10
1734505809892 11.0 11
1734505836725 12.0 12
1734505864828 13.0 13
1734505892628 14.0 14
1734505920280 15.0 15
1734505948371 16.0 16
1734505975996 17.0 17
1734506003169 18.0 18
1734506030193 19.0 19
1734506057666 20.0 20
1734506085222 21.0 21
1734506112169 22.0 22
1734506139854 23.0 23
1734506166782 24.0 24
1734506194394 25.0 25
1734506221858 26.0 26
1734506249441 27.0 27
1734506277424 28.0 28
1734506304926 29.0 29
1734506332878 30.0 30
1734506360644 31.0 31
1734506388129 32.0 32
1734506415557 33.0 33
1734506442765 34.0 34
1734506470326 35.0 35
1734506498426 36.0 36
1734506525899 37.0 37
1734506553653 38.0 38
1734506580731 39.0 39
1734506607920 40.0 40
1734506635498 41.0 41
1734506663640 42.0 42
1734506691411 43.0 43
1734506718416 44.0 44
1734506746074 45.0 45
1734506773234 46.0 46
1734506800957 47.0 47
1734506828646 48.0 48
1734506856029 49.0 49
1734506883996 50.0 50
1734506910989 51.0 51
1734506939472 52.0 52
1734506967028 53.0 53
1734506994081 54.0 54
1734507021732 55.0 55
1734507049252 56.0 56
1734507077469 57.0 57
1734507104361 58.0 58
1734507132641 59.0 59
1734507159854 60.0 60
1734507187721 61.0 61
1734507215531 62.0 62
1734507242530 63.0 63
1734507270013 64.0 64
1734507297690 65.0 65
1734507325034 66.0 66
1734507352738 67.0 67
1734507380479 68.0 68
1734507408133 69.0 69
1734507435320 70.0 70
1734507463151 71.0 71
1734507490802 72.0 72
1734507518479 73.0 73
1734507545623 74.0 74
1734507573279 75.0 75
1734507601554 76.0 76
1734507628319 77.0 77
1734507655673 78.0 78
1734507683378 79.0 79
1734507711457 80.0 80
1734507738935 81.0 81
1734507765714 82.0 82
1734507794160 83.0 83
1734507820840 84.0 84
1734507848168 85.0 85
1734507876156 86.0 86
1734507903901 87.0 87
1734507931882 88.0 88
1734507958535 89.0 89
1734507985907 90.0 90
1734508013903 91.0 91
1734508040847 92.0 92
1734508069104 93.0 93
1734508095809 94.0 94
1734508123386 95.0 95
1734508150532 96.0 96
1734508178588 97.0 97
1734508206048 98.0 98
1734508233770 99.0 99
1734508261464 100.0 100
1734508288879 101.0 101
1734508316577 102.0 102
1734508344225 103.0 103
1734508371855 104.0 104
1734508399599 105.0 105
1734508426439 106.0 106
1734508453938 107.0 107
1734508481624 108.0 108
1734508508938 109.0 109
1734508536363 110.0 110
1734508563883 111.0 111
1734508590907 112.0 112
1734508618378 113.0 113
1734508645887 114.0 114
1734508673337 115.0 115
1734508700438 116.0 116
1734508727882 117.0 117
1734508755034 118.0 118
1734508782312 119.0 119
1734508810029 120.0 120
1734508837110 121.0 121
1734508865085 122.0 122
1734508892084 123.0 123
1734508919863 124.0 124
1734508947630 125.0 125
1734508975148 126.0 126
1734509001826 127.0 127
1734509029277 128.0 128
1734509056514 129.0 129
1734509083111 130.0 130
1734509110674 131.0 131
1734509139201 132.0 132
1734509165797 133.0 133
1734509192916 134.0 134
1734509220240 135.0 135
1734509248334 136.0 136
1734509275964 137.0 137
1734509303476 138.0 138
1734509331386 139.0 139
1734509359678 140.0 140
1734509386742 141.0 141
1734509413400 142.0 142
1734509440620 143.0 143
1734509468280 144.0 144
1734509495085 145.0 145
1734509522915 146.0 146
1734509550302 147.0 147
1734509577092 148.0 148
1734509603945 149.0 149
1734509631775 150.0 150
1734509658868 151.0 151
1734509686585 152.0 152
1734509713111 153.0 153
1734509741185 154.0 154
1734509768654 155.0 155
1734509795905 156.0 156
1734509824023 157.0 157
1734509851791 158.0 158
1734509878917 159.0 159
1734509906012 160.0 160
1734509933734 161.0 161
1734509961441 162.0 162
1734509988112 163.0 163
1734510016091 164.0 164
1734510043345 165.0 165
1734510071243 166.0 166
1734510098024 167.0 167
1734510124994 168.0 168
1734510152778 169.0 169
1734510179647 170.0 170
1734510207239 171.0 171
1734510234192 172.0 172
1734510261307 173.0 173
1734510288874 174.0 174
1734510316220 175.0 175
1734510343979 176.0 176
1734510371404 177.0 177
1734510399138 178.0 178
1734510426224 179.0 179
1734510453598 180.0 180
1734510480616 181.0 181
1734510508356 182.0 182
1734510536344 183.0 183
1734510563232 184.0 184
1734510590231 185.0 185
1734510618405 186.0 186
1734510645195 187.0 187
1734510672819 188.0 188
1734510700142 189.0 189
1734510728341 190.0 190
1734510755628 191.0 191
1734510783779 192.0 192
1734510810865 193.0 193
1734510837854 194.0 194
1734510865253 195.0 195
1734510892785 196.0 196
1734510920476 197.0 197
1734510947684 198.0 198
1734510975183 199.0 199
1734511002628 200.0 200
1734511030830 201.0 201
1734511058144 202.0 202
1734511085479 203.0 203
1734511113552 204.0 204
1734511141147 205.0 205
1734511168157 206.0 206
1734511195518 207.0 207
1734511223694 208.0 208
1734511251688 209.0 209
1734511278566 210.0 210
1734511305983 211.0 211
1734511333776 212.0 212
1734511361231 213.0 213
1734511388078 214.0 214
1734511416463 215.0 215
1734511444426 216.0 216
1734511472215 217.0 217
1734511498799 218.0 218
1734511526895 219.0 219
1734511554361 220.0 220
1734511581288 221.0 221
1734511609161 222.0 222
1734511636706 223.0 223
1734511664249 224.0 224
1734511692113 225.0 225
1734511719699 226.0 226
1734511747499 227.0 227
1734511774480 228.0 228
1734511802657 229.0 229
1734511829860 230.0 230
1734511857742 231.0 231
1734511885520 232.0 232
1734511913329 233.0 233
1734511940034 234.0 234
1734511967427 235.0 235
1734511994443 236.0 236
1734512021699 237.0 237
1734512048997 238.0 238
1734512076141 239.0 239
1734512103902 240.0 240
1734512131427 241.0 241
1734512158985 242.0 242
1734512187196 243.0 243
1734512215221 244.0 244
1734512242384 245.0 245
1734512270110 246.0 246
1734512298031 247.0 247
1734512325251 248.0 248
1734512352590 249.0 249
1734512379871 250.0 250
1734512407672 251.0 251
1734512435047 252.0 252
1734512462606 253.0 253
1734512490314 254.0 254
1734512517682 255.0 255
1734512545227 256.0 256
1734512573186 257.0 257
1734512600886 258.0 258
1734512628239 259.0 259
1734512655354 260.0 260
1734512682860 261.0 261
1734512710065 262.0 262
1734512737191 263.0 263
1734512764599 264.0 264
1734512792214 265.0 265
1734512820040 266.0 266
1734512847647 267.0 267
1734512874697 268.0 268
1734512902074 269.0 269
1734512929330 270.0 270
1734512956782 271.0 271
1734512984601 272.0 272
1734513011991 273.0 273
1734513039572 274.0 274
1734513067077 275.0 275
1734513094736 276.0 276
1734513122015 277.0 277
1734513149605 278.0 278
1734513176829 279.0 279
1734513204260 280.0 280
1734513231410 281.0 281
1734513258904 282.0 282
1734513286631 283.0 283
1734513314085 284.0 284
1734513341017 285.0 285
1734513368440 286.0 286
1734513395760 287.0 287
1734513422969 288.0 288
1734513450657 289.0 289
1734513477540 290.0 290
1734513504931 291.0 291
1734513532013 292.0 292
1734513559303 293.0 293
1734513586554 294.0 294
1734513614515 295.0 295
1734513643104 296.0 296
1734513670513 297.0 297
1734513698170 298.0 298
1734513725022 299.0 299
