1734505507311 6974308.0 0
1734505534257 6974308.0 1
1734505562530 6974308.0 2
1734505589916 6974308.0 3
1734505616998 6974308.0 4
1734505644495 6974308.0 5
1734505672013 6974308.0 6
1734505699773 6974308.0 7
1734505727011 6974308.0 8
1734505754430 6974308.0 9
1734505782480 6974308.0 10
1734505809892 6974308.0 11
1734505836726 6974308.0 12
1734505864829 6974308.0 13
1734505892629 6974308.0 14
1734505920280 6974308.0 15
1734505948372 6974308.0 16
1734505975997 6974308.0 17
1734506003170 6974308.0 18
1734506030194 6974308.0 19
1734506057667 6974308.0 20
1734506085222 6974308.0 21
1734506112169 6974308.0 22
1734506139855 6974308.0 23
1734506166782 6974308.0 24
1734506194395 6974308.0 25
1734506221859 6974308.0 26
1734506249442 6974308.0 27
1734506277424 6974308.0 28
1734506304927 6974308.0 29
1734506332879 6974308.0 30
1734506360645 6974308.0 31
1734506388129 6974308.0 32
1734506415558 6974308.0 33
1734506442765 6974308.0 34
1734506470326 6974308.0 35
1734506498427 6974308.0 36
1734506525899 6974308.0 37
1734506553653 6974308.0 38
1734506580732 6974308.0 39
1734506607921 6974308.0 40
1734506635498 6974308.0 41
1734506663641 6974308.0 42
1734506691412 6974308.0 43
1734506718417 6974308.0 44
1734506746074 6974308.0 45
1734506773234 6974308.0 46
1734506800958 6974308.0 47
1734506828646 6974308.0 48
1734506856030 6974308.0 49
1734506883996 6974308.0 50
1734506910990 6974308.0 51
1734506939472 6974308.0 52
1734506967029 6974308.0 53
1734506994082 6974308.0 54
1734507021733 6974308.0 55
1734507049253 6974308.0 56
1734507077469 6974308.0 57
1734507104362 6974308.0 58
1734507132641 6974308.0 59
1734507159855 6974308.0 60
1734507187722 6974308.0 61
1734507215532 6974308.0 62
1734507242531 6974308.0 63
1734507270014 6974308.0 64
1734507297691 6974308.0 65
1734507325035 6974308.0 66
1734507352739 6974308.0 67
1734507380479 6974308.0 68
1734507408134 6974308.0 69
1734507435321 6974308.0 70
1734507463152 6974308.0 71
1734507490803 6974308.0 72
1734507518479 6974308.0 73
1734507545623 6974308.0 74
1734507573280 6974308.0 75
1734507601554 6974308.0 76
1734507628320 6974308.0 77
1734507655674 6974308.0 78
1734507683379 6974308.0 79
1734507711457 6974308.0 80
1734507738936 6974308.0 81
1734507765715 6974308.0 82
1734507794160 6974308.0 83
1734507820840 6974308.0 84
1734507848169 6974308.0 85
1734507876157 6974308.0 86
1734507903901 6974308.0 87
1734507931882 6974308.0 88
1734507958535 6974308.0 89
1734507985908 6974308.0 90
1734508013903 6974308.0 91
1734508040848 6974308.0 92
1734508069105 6974308.0 93
1734508095809 6974308.0 94
1734508123387 6974308.0 95
1734508150532 6974308.0 96
1734508178589 6974308.0 97
1734508206049 6974308.0 98
1734508233770 6974308.0 99
1734508261465 6974308.0 100
1734508288880 6974308.0 101
1734508316577 6974308.0 102
1734508344226 6974308.0 103
1734508371856 6974308.0 104
1734508399599 6974308.0 105
1734508426439 6974308.0 106
1734508453939 6974308.0 107
1734508481625 6974308.0 108
1734508508939 6974308.0 109
1734508536363 6974308.0 110
1734508563884 6974308.0 111
1734508590908 6974308.0 112
1734508618378 6974308.0 113
1734508645887 6974308.0 114
1734508673338 6974308.0 115
1734508700438 6974308.0 116
1734508727883 6974308.0 117
1734508755035 6974308.0 118
1734508782313 6974308.0 119
1734508810029 6974308.0 120
1734508837111 6974308.0 121
1734508865085 6974308.0 122
1734508892085 6974308.0 123
1734508919865 6974308.0 124
1734508947631 6974308.0 125
1734508975148 6974308.0 126
1734509001827 6974308.0 127
1734509029278 6974308.0 128
1734509056515 6974308.0 129
1734509083112 6974308.0 130
1734509110675 6974308.0 131
1734509139201 6974308.0 132
1734509165798 6974308.0 133
1734509192917 6974308.0 134
1734509220241 6974308.0 135
1734509248335 6974308.0 136
1734509275965 6974308.0 137
1734509303476 6974308.0 138
1734509331387 6974308.0 139
1734509359678 6974308.0 140
1734509386742 6974308.0 141
1734509413401 6974308.0 142
1734509440620 6974308.0 143
1734509468281 6974308.0 144
1734509495085 6974308.0 145
1734509522916 6974308.0 146
1734509550303 6974308.0 147
1734509577092 6974308.0 148
1734509603946 6974308.0 149
1734509631776 6974308.0 150
1734509658869 6974308.0 151
1734509686586 6974308.0 152
1734509713112 6974308.0 153
1734509741186 6974308.0 154
1734509768655 6974308.0 155
1734509795906 6974308.0 156
1734509824024 6974308.0 157
1734509851791 6974308.0 158
1734509878917 6974308.0 159
1734509906013 6974308.0 160
1734509933735 6974308.0 161
1734509961441 6974308.0 162
1734509988112 6974308.0 163
1734510016092 6974308.0 164
1734510043346 6974308.0 165
1734510071244 6974308.0 166
1734510098025 6974308.0 167
1734510124995 6974308.0 168
1734510152779 6974308.0 169
1734510179647 6974308.0 170
1734510207239 6974308.0 171
1734510234192 6974308.0 172
1734510261308 6974308.0 173
1734510288875 6974308.0 174
1734510316221 6974308.0 175
1734510343979 6974308.0 176
1734510371405 6974308.0 177
1734510399139 6974308.0 178
1734510426224 6974308.0 179
1734510453598 6974308.0 180
1734510480616 6974308.0 181
1734510508357 6974308.0 182
1734510536345 6974308.0 183
1734510563233 6974308.0 184
1734510590232 6974308.0 185
1734510618405 6974308.0 186
1734510645196 6974308.0 187
1734510672819 6974308.0 188
1734510700143 6974308.0 189
1734510728342 6974308.0 190
1734510755629 6974308.0 191
1734510783780 6974308.0 192
1734510810866 6974308.0 193
1734510837855 6974308.0 194
1734510865253 6974308.0 195
1734510892786 6974308.0 196
1734510920477 6974308.0 197
1734510947685 6974308.0 198
1734510975184 6974308.0 199
1734511002629 6974308.0 200
1734511030831 6974308.0 201
1734511058144 6974308.0 202
1734511085479 6974308.0 203
1734511113552 6974308.0 204
1734511141147 6974308.0 205
1734511168158 6974308.0 206
1734511195518 6974308.0 207
1734511223694 6974308.0 208
1734511251689 6974308.0 209
1734511278567 6974308.0 210
1734511305983 6974308.0 211
1734511333777 6974308.0 212
1734511361231 6974308.0 213
1734511388079 6974308.0 214
1734511416464 6974308.0 215
1734511444426 6974308.0 216
1734511472216 6974308.0 217
1734511498800 6974308.0 218
1734511526896 6974308.0 219
1734511554362 6974308.0 220
1734511581289 6974308.0 221
1734511609162 6974308.0 222
1734511636707 6974308.0 223
1734511664250 6974308.0 224
1734511692113 6974308.0 225
1734511719700 6974308.0 226
1734511747500 6974308.0 227
1734511774481 6974308.0 228
1734511802658 6974308.0 229
1734511829860 6974308.0 230
1734511857743 6974308.0 231
1734511885521 6974308.0 232
1734511913330 6974308.0 233
1734511940035 6974308.0 234
1734511967428 6974308.0 235
1734511994444 6974308.0 236
1734512021699 6974308.0 237
1734512048998 6974308.0 238
1734512076142 6974308.0 239
1734512103902 6974308.0 240
1734512131427 6974308.0 241
1734512158985 6974308.0 242
1734512187197 6974308.0 243
1734512215222 6974308.0 244
1734512242385 6974308.0 245
1734512270111 6974308.0 246
1734512298032 6974308.0 247
1734512325252 6974308.0 248
1734512352590 6974308.0 249
1734512379872 6974308.0 250
1734512407672 6974308.0 251
1734512435048 6974308.0 252
1734512462607 6974308.0 253
1734512490315 6974308.0 254
1734512517683 6974308.0 255
1734512545227 6974308.0 256
1734512573187 6974308.0 257
1734512600886 6974308.0 258
1734512628239 6974308.0 259
1734512655355 6974308.0 260
1734512682860 6974308.0 261
1734512710066 6974308.0 262
1734512737192 6974308.0 263
1734512764599 6974308.0 264
1734512792214 6974308.0 265
1734512820040 6974308.0 266
1734512847648 6974308.0 267
1734512874697 6974308.0 268
1734512902075 6974308.0 269
1734512929331 6974308.0 270
1734512956783 6974308.0 271
1734512984601 6974308.0 272
1734513011992 6974308.0 273
1734513039573 6974308.0 274
1734513067078 6974308.0 275
1734513094736 6974308.0 276
1734513122016 6974308.0 277
1734513149606 6974308.0 278
1734513176830 6974308.0 279
1734513204261 6974308.0 280
1734513231410 6974308.0 281
1734513258905 6974308.0 282
1734513286632 6974308.0 283
1734513314086 6974308.0 284
1734513341018 6974308.0 285
1734513368441 6974308.0 286
1734513395760 6974308.0 287
1734513422970 6974308.0 288
1734513450657 6974308.0 289
1734513477540 6974308.0 290
1734513504931 6974308.0 291
1734513532014 6974308.0 292
1734513559304 6974308.0 293
1734513586554 6974308.0 294
1734513614515 6974308.0 295
1734513643105 6974308.0 296
1734513670514 6974308.0 297
1734513698171 6974308.0 298
1734513725023 6974308.0 299
