1734505507308 4.646072269714985 0
1734505534254 4.642021396725448 1
1734505562527 4.599407456584813 2
1734505589913 4.5393237981599635 3
1734505616995 4.4838386663456555 4
1734505644492 4.443506396922869 5
1734505672010 4.415072069954626 6
1734505699770 4.38626108095818 7
1734505727007 4.347583159957964 8
1734505754427 4.337557835677235 9
1734505782477 4.313719802296038 10
1734505809889 4.295883544327057 11
1734505836722 4.289254483488417 12
1734505864826 4.277008717822046 13
1734505892626 4.260561276342451 14
1734505920277 4.235725743868916 15
1734505948369 4.225274677129136 16
1734505975994 4.211329362441584 17
1734506003166 4.1989309425206525 18
1734506030191 4.1649846840150575 19
1734506057664 4.185807252053133 20
1734506085219 4.177813941055966 21
1734506112166 4.1751473638200265 22
1734506139852 4.147335764059086 23
1734506166779 4.146882040598958 24
1734506194392 4.134930798687885 25
1734506221856 4.121011989632833 26
1734506249439 4.117219010579217 27
1734506277421 4.090625295933989 28
1734506304923 4.096089632855248 29
1734506332876 4.073367004542007 30
1734506360641 4.097929898611049 31
1734506388126 4.077643014106554 32
1734506415554 4.079458407520019 33
1734506442762 4.062572041123183 34
1734506470323 4.042965903110111 35
1734506498424 4.034490139828515 36
1734506525896 4.0407984109268975 37
1734506553650 4.052257362100267 38
1734506580729 4.035082534416435 39
1734506607918 4.020050015031677 40
1734506635495 4.003951132911997 41
1734506663638 3.9835729310193013 42
1734506691409 3.999043807540972 43
1734506718414 3.988538428680184 44
1734506746071 3.9908978459761313 45
1734506773231 4.014226341984935 46
1734506800955 3.99019773719237 47
1734506828643 3.9658237916907084 48
1734506856027 3.963722849015108 49
1734506883993 3.9394411825642144 50
1734506910987 3.9618925716459135 51
1734506939469 3.9279416983889552 52
1734506967026 3.9295604732847704 53
1734506994079 3.9392428299815383 54
1734507021730 3.9168307603020027 55
1734507049250 3.909300515332173 56
1734507077466 3.919446206584419 57
1734507104359 3.895774766956408 58
1734507132638 3.863548911109413 59
1734507159852 3.910184072465012 60
1734507187719 3.8946256963248107 61
1734507215529 3.865888251471765 62
1734507242528 3.8642495790707696 63
1734507270011 3.8947759498025953 64
1734507297688 3.8862319969639336 65
1734507325032 3.865886964748815 66
1734507352735 3.881816608389628 67
1734507380476 3.830691100395832 68
1734507408131 3.849509518785575 69
1734507435318 3.817840380766957 70
1734507463149 3.8067767165370823 71
1734507490800 3.827721727263067 72
1734507518476 3.8232232227767864 73
1734507545620 3.7940010373125372 74
1734507573276 3.7881579620322 75
1734507601551 3.7987728807115064 76
1734507628317 3.7991417339167644 77
1734507655671 3.795210336286997 78
1734507683375 3.7787315833199884 79
1734507711454 3.7625152634591172 80
1734507738933 3.7931603518957946 81
1734507765712 3.772526082304335 82
1734507794157 3.768952294108794 83
1734507820837 3.758854218979472 84
1734507848166 3.7597530078642145 85
1734507876153 3.7515187189751065 86
1734507903898 3.7653741633769164 87
1734507931879 3.789989978382268 88
1734507958532 3.7380086607539775 89
1734507985905 3.742697324334961 90
1734508013900 3.7247818284428 91
1734508040845 3.7117083078807163 92
1734508069101 3.684489755286384 93
1734508095806 3.70694971268939 94
1734508123383 3.694893059042311 95
1734508150529 3.717980401417644 96
1734508178585 3.7166608873101854 97
1734508206046 3.634212002926266 98
1734508233767 3.701187257914199 99
1734508261462 3.724122152500546 100
1734508288877 3.6699027738620327 101
1734508316574 3.6424542714640036 102
1734508344223 3.6890620884207106 103
1734508371853 3.6508822096991786 104
1734508399596 3.6511381833823684 105
1734508426436 3.680306735112495 106
1734508453935 3.630359749818586 107
1734508481621 3.6485524644556735 108
1734508508935 3.652513111375042 109
1734508536360 3.662137025410367 110
1734508563881 3.6614681457735827 111
1734508590905 3.614358213144479 112
1734508618375 3.64132705545917 113
1734508645884 3.601396225162388 114
1734508673335 3.5951151804825696 115
1734508700435 3.6535204034490683 116
1734508727880 3.61766135385356 117
1734508755032 3.6421977287715244 118
1734508782310 3.5957301394226624 119
1734508810026 3.6217112043469224 120
1734508837108 3.603577990507342 121
1734508865082 3.6232846459162604 122
1734508892081 3.559354135670613 123
1734508919861 3.575881357045518 124
1734508947628 3.6001925468444824 125
1734508975145 3.5832369192359375 126
1734509001824 3.570427495794198 127
1734509029274 3.5862699390686665 128
1734509056511 3.5917164861541435 129
1734509083108 3.582270153404511 130
1734509110671 3.55411581833338 131
1734509139198 3.571650364964279 132
1734509165794 3.538714135430523 133
1734509192914 3.5938012501628127 134
1734509220238 3.545614266518465 135
1734509248331 3.576747827923175 136
1734509275962 3.5336766206112102 137
1734509303473 3.5389487731088067 138
1734509331383 3.493694192355441 139
1734509359675 3.4979948038907396 140
1734509386739 3.5309439455111002 141
1734509413398 3.5086570572607294 142
1734509440617 3.5003735398508837 143
1734509468278 3.486131870869509 144
1734509495082 3.542383347589945 145
1734509522912 3.5024356565524624 146
1734509550300 3.4836392500965867 147
1734509577089 3.5242286920547485 148
1734509603942 3.521100484218794 149
1734509631773 3.5068446096685744 150
1734509658866 3.450924618956969 151
1734509686582 3.5124350245465936 152
1734509713108 3.4934241919173408 153
1734509741182 3.470893456763828 154
1734509768651 3.4619437640475246 155
1734509795903 3.49693594519625 156
1734509824020 3.503896873636344 157
1734509851788 3.504247812266202 158
1734509878914 3.4410430051616787 159
1734509906010 3.4863093059087538 160
1734509933732 3.4838530212333523 161
1734509961438 3.4745616538008464 162
1734509988109 3.4633549734489204 163
1734510016089 3.436245418700975 164
1734510043342 3.4614852052373983 165
1734510071241 3.4584035344959534 166
1734510098022 3.438207120625014 167
1734510124992 3.4035934713697924 168
1734510152776 3.4235655517922234 169
1734510179644 3.43365227500188 170
1734510207236 3.445059145234295 171
1734510234189 3.4321784456980597 172
1734510261305 3.4603401625279298 173
1734510288872 3.414788993978009 174
1734510316218 3.4305013602541896 175
1734510343976 3.4210927597026237 176
1734510371402 3.39321405494336 177
1734510399136 3.419103166491715 178
1734510426221 3.3681028737235317 179
1734510453595 3.3732629879233764 180
1734510480613 3.382438317402122 181
1734510508354 3.3885104760681233 182
1734510536342 3.3725857501177443 183
1734510563229 3.4017138223058168 184
1734510590229 3.372835837074162 185
1734510618402 3.4461478222276747 186
1734510645193 3.4225684471966065 187
1734510672816 3.38260834425995 188
1734510700139 3.4356812785581217 189
1734510728339 3.354979674840711 190
1734510755626 3.3794136366893337 191
1734510783777 3.357331180080925 192
1734510810863 3.377378640101128 193
1734510837851 3.367704012344793 194
1734510865250 3.3808718882885174 195
1734510892783 3.3651485860962227 196
1734510920474 3.3502784561865107 197
1734510947681 3.3717699364288567 198
1734510975181 3.3472327805057014 199
1734511002626 3.3916875056384765 200
1734511030828 3.366649812029809 201
1734511058141 3.3057433901373874 202
1734511085476 3.352779703656423 203
1734511113549 3.336014493839028 204
1734511141144 3.343904380331334 205
1734511168155 3.361526566067922 206
1734511195515 3.2882904834354045 207
1734511223691 3.303256052056539 208
1734511251685 3.339491522803749 209
1734511278563 3.3624649576305115 210
1734511305980 3.3419705678507223 211
1734511333774 3.322018515203417 212
1734511361228 3.369401713007504 213
1734511388076 3.341053359901782 214
1734511416461 3.321635081595981 215
1734511444423 3.318340126386623 216
1734511472213 3.3088731698154175 217
1734511498796 3.330537255277339 218
1734511526893 3.3561787205873075 219
1734511554359 3.345804302962785 220
1734511581286 3.3033858273447176 221
1734511609159 3.2958560475369088 222
1734511636704 3.345003599973069 223
1734511664247 3.304120982430645 224
1734511692110 3.3272642800488423 225
1734511719697 3.3132227493315627 226
1734511747497 3.3110271335877095 227
1734511774478 3.3410541820771917 228
1734511802654 3.329848866487287 229
1734511829857 3.327148043003279 230
1734511857740 3.2703694633601867 231
1734511885517 3.306520896474111 232
1734511913327 3.238350693098049 233
1734511940031 3.3232464569131124 234
1734511967425 3.2892560092444274 235
1734511994440 3.297326366925977 236
1734512021696 3.2984045006565212 237
1734512048995 3.2699791850502957 238
1734512076139 3.2999094067160617 239
1734512103899 3.2692779886353875 240
1734512131424 3.2540547970643976 241
1734512158982 3.2926257787291537 242
1734512187194 3.298360931504633 243
1734512215219 3.2771104162501308 244
1734512242382 3.279702029277369 245
1734512270108 3.310153024712789 246
1734512298028 3.251998143097789 247
1734512325248 3.2871034593926263 248
1734512352587 3.275425695881401 249
1734512379869 3.306551060111252 250
1734512407669 3.243782903115774 251
1734512435044 3.2698626850069186 252
1734512462603 3.289952080274366 253
1734512490312 3.2815392828479255 254
1734512517679 3.2925525682488668 255
1734512545224 3.2292453022961762 256
1734512573183 3.288968251538031 257
1734512600883 3.23525127369104 258
1734512628236 3.287618412184961 259
1734512655352 3.2790510156719956 260
1734512682857 3.2843446682408914 261
1734512710063 3.29169145502995 262
1734512737189 3.238263956050283 263
1734512764596 3.2630697832894078 264
1734512792211 3.2512777085156785 265
1734512820037 3.2381891245694505 266
1734512847645 3.2511161301553866 267
1734512874694 3.24705677794427 268
1734512902072 3.294259196089715 269
1734512929328 3.206444034256886 270
1734512956780 3.2273764339918944 271
1734512984598 3.2298582011891392 272
1734513011988 3.276291984258239 273
1734513039569 3.3013229572895875 274
1734513067075 3.259687998245672 275
1734513094733 3.2747451349632026 276
1734513122013 3.243192774733317 277
1734513149603 3.2278646759151184 278
1734513176826 3.2558422402008294 279
1734513204257 3.2552255926672946 280
1734513231407 3.2801042254438104 281
1734513258902 3.21237202649264 282
1734513286629 3.265692667248323 283
1734513314083 3.2514144059309027 284
1734513341014 3.229332866742439 285
1734513368438 3.2638136320507405 286
1734513395757 3.205946225480935 287
1734513422967 3.2303532448011576 288
1734513450654 3.2401883396291242 289
1734513477537 3.2428959737118985 290
1734513504928 3.2213434312761446 291
1734513532011 3.186857927091343 292
1734513559301 3.221060700637778 293
1734513586551 3.2686803688093558 294
1734513614512 3.2621991499183105 295
1734513643101 3.276158055079352 296
1734513670511 3.2209059891012526 297
1734513698168 3.226634987850779 298
1734513725020 3.2510436294005087 299
