1734505507306 9.999999999999983e-07 0
1734505534252 9.999999999999983e-07 1
1734505562526 0.00010079999999999989 2
1734505589912 0.0002006 3
1734505616994 0.00030039999999999955 4
1734505644491 0.00040020000000000057 5
1734505672009 0.0004996642360148711 6
1734505699769 0.0004995165484649264 7
1734505727006 0.0004993420469199933 8
1734505754426 0.0004991407505161288 9
1734505782476 0.0004989126813277552 10
1734505809888 0.0004986578643652265 11
1734505836721 0.0004983763275720963 12
1734505864825 0.0004980681018220477 13
1734505892625 0.0004977332209155031 14
1734505920276 0.0004973717215759326 15
1734505948368 0.0004969836434458094 16
1734505975992 0.0004965690290822737 17
1734506003165 0.0004961279239524639 18
1734506030189 0.0004956603764285291 19
1734506057663 0.0004951664377823224 20
1734506085218 0.000494646162179783 21
1734506112165 0.0004940996066749929 22
1734506139850 0.0004935268312039245 23
1734506166778 0.0004929278985778615 24
1734506194390 0.0004923028744765139 25
1734506221854 0.0004916518274408205 26
1734506249437 0.000490974828865426 27
1734506277420 0.0004902719529908516 28
1734506304922 0.000489543276895356 29
1734506332874 0.0004887888804864868 30
1734506360640 0.000488008846492312 31
1734506388125 0.0004872032604523479 32
1734506415553 0.0004863722107081836 33
1734506442761 0.000485515788393786 34
1734506470322 0.00048463408742551405 35
1734506498422 0.0004837272044918151 36
1734506525895 0.00048279523904262077 37
1734506553649 0.0004818382932784485 38
1734506580727 0.0004808564721391832 39
1734506607916 0.0004798498832925754 40
1734506635494 0.0004788186371224371 41
1734506663636 0.00047776284671653164 42
1734506691407 0.00047668262785417525 43
1734506718412 0.0004755780989935379 44
1734506746070 0.00047444938125865653 45
1734506773230 0.00047329659842614935 46
1734506800954 0.00047211987691164753 47
1734506828642 0.0004709193457559236 48
1734506856026 0.00046969513661074725 49
1734506883992 0.0004684473837244455 50
1734506910985 0.0004671762239271884 51
1734506939468 0.0004658817966159667 52
1734506967024 0.0004645642437393234 53
1734506994077 0.00046322370978178117 54
1734507021728 0.00046186034174799294 55
1734507049248 0.0004604742891466281 56
1734507077465 0.0004590657039739734 57
1734507104357 0.0004576347406972677 58
1734507132637 0.00045618155623775725 59
1734507159850 0.00045470630995349503 60
1734507187717 0.00045320916362186214 61
1734507215527 0.00045169028142182295 62
1734507242527 0.00045014982991592906 63
1734507270010 0.0004485879780320445 64
1734507297686 0.00044700489704483043 65
1734507325030 0.0004454007605569569 66
1734507352734 0.00044377574448006834 67
1734507380475 0.00044213002701548663 68
1734507408130 0.0004404637886346804 69
1734507435316 0.00043877721205946206 70
1734507463147 0.00043707048224196144 71
1734507490798 0.0004353437863443347 72
1734507518475 0.00043359731371824645 73
1734507545619 0.00043183125588409905 74
1734507573275 0.00043004580651003643 75
1734507601550 0.0004282411613907042 76
1734507628315 0.00042641751842577356 77
1734507655670 0.0004245750775982502 78
1734507683374 0.00042271404095252867 79
1734507711453 0.0004208346125722518 80
1734507738932 0.00041893699855791926 81
1734507765710 0.00041702140700429485 82
1734507794156 0.0004150880479775749 83
1734507820835 0.00041313713349236825 84
1734507848164 0.00041116887748842833 85
1734507876152 0.0004091834958072103 86
1734507903897 0.00040718120616818615 87
1734507931878 0.00040516222814497994 88
1734507958530 0.00040312678314128204 89
1734507985903 0.00040107509436657573 90
1734508013898 0.00039900738681165627 91
1734508040843 0.0003969238872239566 92
1734508069100 0.00039482482408268593 93
1734508095805 0.00039271042757377245 94
1734508123382 0.00039058092956461904 95
1734508150528 0.0003884365635786821 96
1734508178584 0.00038627756476985385 97
1734508206045 0.00038410416989668593 98
1734508233766 0.00038191661729641764 99
1734508261460 0.0003797151468588405 100
1734508288875 0.00037750000000000007 101
1734508316573 0.00037527141963570926 102
1734508344222 0.00037302965015491995 103
1734508371852 0.0003707749373929178 104
1734508399595 0.00036850752860436586 105
1734508426434 0.0003662276724361892 106
1734508453934 0.0003639356189003079 107
1734508481620 0.00036163161934622064 108
1734508508934 0.00035931592643344284 109
1734508536359 0.0003569887941037989 110
1734508563879 0.00035465047755357104 111
1734508590903 0.00035230123320552104 112
1734508618374 0.0003499413186807654 113
1734508645883 0.00034757099277052416 114
1734508673333 0.00034519051540774637 115
1734508700434 0.0003428001476385992 116
1734508727878 0.0003404001515938454 117
1734508755030 0.00033799079046009645 118
1734508782309 0.00033557232845095314 119
1734508810025 0.00033314503077802663 120
1734508837106 0.0003307091636218618 121
1734508865081 0.00032826499410274195 122
1734508892080 0.0003258127902513947 123
1734508919859 0.0003233528209796105 124
1734508947626 0.0003208853560507407 125
1734508975144 0.00031841066605011684 126
1734509001823 0.00031592902235538876 127
1734509029273 0.0003134406971067524 128
1734509056510 0.0003109459631771109 129
1734509083107 0.0003084450941421533 130
1734509110670 0.0003059383642503508 131
1734509139197 0.00030342604839288587 132
1734509165793 0.00030090842207350295 133
1734509192912 0.0002983857613782982 134
1734509220236 0.0002958583429454456 135
1734509248330 0.00029332644393485687 136
1734509275960 0.0002907903419977905 137
1734509303472 0.0002882503152464049 138
1734509331382 0.00028570664222325417 139
1734509359674 0.0002831596018707527 140
1734509386738 0.00028060947350057574 141
1734509413396 0.00027805653676303576 142
1734509440616 0.00027550107161641776 143
1734509468276 0.00027294335829626965 144
1734509495081 0.0002703836772846822 145
1734509522911 0.00026782230927952064 146
1734509550299 0.0002652595351636536 147
1734509577088 0.00026269563597414164 148
1734509603941 0.0002601308928714226 149
1734509631771 0.00025756558710848034 150
1734509658864 0.0002549999999999994 151
1734509686581 0.0002524344128915197 152
1734509713107 0.0002498691071285775 153
1734509741181 0.0002473043640258584 154
1734509768650 0.00024474046483634646 155
1734509795902 0.00024217769072047815 156
1734509824019 0.00023961632271531801 157
1734509851787 0.0002370566417037303 158
1734509878913 0.00023449892838358244 159
1734509906008 0.00023194346323696425 160
1734509933730 0.0002293905264994246 161
1734509961437 0.0002268403981292474 162
1734509988108 0.00022429335777674584 163
1734510016088 0.00022174968475359533 164
1734510043341 0.0002192096580022095 165
1734510071239 0.0002166735560651434 166
1734510098020 0.00021414165705455448 167
1734510124990 0.00021161423862170212 168
1734510152774 0.0002090915779264974 169
1734510179643 0.0002065739516071141 170
1734510207235 0.00020406163574964917 171
1734510234188 0.0002015549058578468 172
1734510261303 0.00019905403682288916 173
1734510288870 0.00019655930289324763 174
1734510316216 0.00019407097764461076 175
1734510343975 0.00019158933394988262 176
1734510371401 0.0001891146439492595 177
1734510399135 0.00018664717902038892 178
1734510426220 0.00018418720974860424 179
1734510453594 0.0001817350058972587 180
1734510480612 0.00017929083637813775 181
1734510508352 0.0001768549692219728 182
1734510536341 0.00017442767154904695 183
1734510563228 0.00017200920953990356 184
1734510590227 0.0001695998484061554 185
1734510618400 0.0001671998523614016 186
1734510645191 0.00016480948459225372 187
1734510672815 0.00016242900722947574 188
1734510700138 0.00016005868131923479 189
1734510728337 0.00015769876679447848 190
1734510755625 0.00015534952244642894 191
1734510783775 0.00015301120589620134 192
1734510810861 0.00015068407356655722 193
1734510837850 0.00014836838065378005 194
1734510865249 0.000146064381099693 195
1734510892781 0.0001437723275638111 196
1734510920472 0.0001414924713956342 197
1734510947680 0.00013922506260708202 198
1734510975179 0.00013697034984508 199
1734511002624 0.00013472858036429035 200
1734511030826 0.00013250000000000018 201
1734511058140 0.00013028485314115927 202
1734511085475 0.00012808338270358331 203
1734511113548 0.00012589583010331386 204
1734511141143 0.0001237224352301456 205
1734511168153 0.00012156343642131856 206
1734511195514 0.00011941907043538061 207
1734511223690 0.00011728957242622798 208
1734511251684 0.00011517517591731409 209
1734511278562 0.00011307611277604382 210
1734511305979 0.00011099261318834409 211
1734511333773 0.000108924905633424 212
1734511361226 0.00010687321685871826 213
1734511388074 0.00010483777185502084 214
1734511416459 0.00010281879383181387 215
1734511444422 0.00010081650419279 216
1734511472212 9.883112251157096e-05 217
1734511498795 9.68628665076321e-05 218
1734511526891 9.49119520224241e-05 219
1734511554358 9.297859299570517e-05 220
1734511581284 9.106300144207971e-05 221
1734511609158 8.916538742774824e-05 222
1734511636703 8.728595904747115e-05 223
1734511664246 8.54249224017503e-05 224
1734511692109 8.35824815742254e-05 225
1734511719695 8.175883860929602e-05 226
1734511747496 7.99541934899631e-05 227
1734511774477 7.816874411590106e-05 228
1734511802653 7.640268628175422e-05 229
1734511829856 7.465621365566523e-05 230
1734511857738 7.292951775803827e-05 231
1734511885516 7.122278794053753e-05 232
1734511913326 6.953621136531965e-05 233
1734511940030 6.786997298451256e-05 234
1734511967424 6.622425551993173e-05 235
1734511994439 6.459923944304205e-05 236
1734512021695 6.299510295516927e-05 237
1734512048994 6.141202196795578e-05 238
1734512076137 5.985017008407199e-05 239
1734512103898 5.830971857817703e-05 240
1734512131423 5.67908363781379e-05 241
1734512158981 5.5293690046504055e-05 242
1734512187193 5.381844376224254e-05 243
1734512215217 5.236525930273239e-05 244
1734512242380 5.093429602602562e-05 245
1734512270106 4.9525710853371146e-05 246
1734512298027 4.813965825200636e-05 247
1734512325247 4.6776290218218415e-05 248
1734512352586 4.543575626067589e-05 249
1734512379868 4.411820338403376e-05 250
1734512407668 4.2823776072812676e-05 251
1734512435043 4.1552616275553495e-05 252
1734512462602 4.0304863389253435e-05 253
1734512490310 3.908065424407684e-05 254
1734512517678 3.7880123088352455e-05 255
1734512545223 3.670340157384994e-05 256
1734512573182 3.5550618741343856e-05 257
1734512600882 3.442190100646265e-05 258
1734512628235 3.3317372145825196e-05 259
1734512655351 3.223715328346815e-05 260
1734512682856 3.1181362877562856e-05 261
1734512710061 3.0150116707424633e-05 262
1734512737187 2.9143527860817297e-05 263
1734512764595 2.816170672155127e-05 264
1734512792210 2.7204760957378435e-05 265
1734512820036 2.6272795508185592e-05 266
1734512847643 2.536591257448661e-05 267
1734512874693 2.4484211606214733e-05 268
1734512902070 2.3627789291817214e-05 269
1734512929326 2.2796739547651535e-05 270
1734512956779 2.1991153507687356e-05 271
1734512984597 2.1211119513512135e-05 272
1734513011987 2.045672310464352e-05 273
1734513039568 1.9728047009148905e-05 274
1734513067073 1.902517113457374e-05 275
1734513094732 1.834817255917822e-05 276
1734513122011 1.7697125523485384e-05 277
1734513149602 1.707210142213921e-05 278
1734513176825 1.6473168796075763e-05 279
1734513204256 1.5900393325006944e-05 280
1734513231406 1.5353837820217622e-05 281
1734513258900 1.4833562217678147e-05 282
1734513286628 1.4339623571471298e-05 283
1734513314081 1.3872076047535735e-05 284
1734513341013 1.3430970917726263e-05 285
1734513368436 1.3016356554191285e-05 286
1734513395756 1.2628278424067859e-05 287
1734513422966 1.2266779084496299e-05 288
1734513450653 1.1931898177952965e-05 289
1734513477536 1.1623672427902868e-05 290
1734513504927 1.134213563477306e-05 291
1734513532010 1.1087318672245397e-05 292
1734513559299 1.0859249483871418e-05 293
1734513586549 1.065795308000778e-05 294
1734513614511 1.0483451535073474e-05 295
1734513643100 1.0335763985129403e-05 296
1734513670509 1.0214906625779697e-05 297
1734513698166 1.0120892710395777e-05 298
1734513725019 1.0053732548662868e-05 299
