1735536428047 0.0 0
1735536455659 1.0 1
1735536483838 2.0 2
1735536513388 3.0 3
1735536542711 4.0 4
1735536571144 5.0 5
1735536598721 6.0 6
1735536626746 7.0 7
1735536655640 8.0 8
1735536684413 9.0 9
1735536715226 10.0 10
1735536744340 11.0 11
1735536773419 12.0 12
1735536803857 13.0 13
1735536833939 14.0 14
1735536863272 15.0 15
1735536892915 16.0 16
1735536923064 17.0 17
1735536953044 18.0 18
1735536982813 19.0 19
1735537012503 20.0 20
1735537042475 21.0 21
1735537072633 22.0 22
1735537102503 23.0 23
1735537132453 24.0 24
1735537162083 25.0 25
1735537191675 26.0 26
1735537221847 27.0 27
1735537251543 28.0 28
1735537281062 29.0 29
1735537310574 30.0 30
1735537340522 31.0 31
1735537369896 32.0 32
1735537399864 33.0 33
1735537429957 34.0 34
1735537459573 35.0 35
1735537488327 36.0 36
1735537518101 37.0 37
1735537547744 38.0 38
1735537576682 39.0 39
1735537606040 40.0 40
1735537634098 41.0 41
1735537662254 42.0 42
1735537690392 43.0 43
1735537718080 44.0 44
1735537746061 45.0 45
1735537774455 46.0 46
1735537802626 47.0 47
1735537830472 48.0 48
1735537858217 49.0 49
1735537886450 50.0 50
1735537914006 51.0 51
1735537941756 52.0 52
1735537970350 53.0 53
1735537998498 54.0 54
1735538025554 55.0 55
1735538054196 56.0 56
1735538082174 57.0 57
1735538110560 58.0 58
1735538139175 59.0 59
1735538167085 60.0 60
1735538195500 61.0 61
1735538224348 62.0 62
1735538253279 63.0 63
1735538281327 64.0 64
1735538308861 65.0 65
1735538336782 66.0 66
1735538364975 67.0 67
1735538392854 68.0 68
1735538421204 69.0 69
1735538449298 70.0 70
