1735536428048 6974308.0 0
1735536455660 6974308.0 1
1735536483838 6974308.0 2
1735536513388 6974308.0 3
1735536542712 6974308.0 4
1735536571144 6974308.0 5
1735536598721 6974308.0 6
1735536626747 6974308.0 7
1735536655640 6974308.0 8
1735536684414 6974308.0 9
1735536715227 6974308.0 10
1735536744340 6974308.0 11
1735536773420 6974308.0 12
1735536803858 6974308.0 13
1735536833939 6974308.0 14
1735536863273 6974308.0 15
1735536892915 6974308.0 16
1735536923065 6974308.0 17
1735536953045 6974308.0 18
1735536982813 6974308.0 19
1735537012504 6974308.0 20
1735537042476 6974308.0 21
1735537072633 6974308.0 22
1735537102503 6974308.0 23
1735537132454 6974308.0 24
1735537162084 6974308.0 25
1735537191676 6974308.0 26
1735537221848 6974308.0 27
1735537251544 6974308.0 28
1735537281063 6974308.0 29
1735537310574 6974308.0 30
1735537340523 6974308.0 31
1735537369897 6974308.0 32
1735537399865 6974308.0 33
1735537429958 6974308.0 34
1735537459573 6974308.0 35
1735537488327 6974308.0 36
1735537518101 6974308.0 37
1735537547745 6974308.0 38
1735537576683 6974308.0 39
1735537606040 6974308.0 40
1735537634099 6974308.0 41
1735537662255 6974308.0 42
1735537690393 6974308.0 43
1735537718081 6974308.0 44
1735537746062 6974308.0 45
1735537774455 6974308.0 46
1735537802627 6974308.0 47
1735537830472 6974308.0 48
1735537858217 6974308.0 49
1735537886451 6974308.0 50
1735537914007 6974308.0 51
1735537941757 6974308.0 52
1735537970351 6974308.0 53
1735537998498 6974308.0 54
1735538025555 6974308.0 55
1735538054197 6974308.0 56
1735538082174 6974308.0 57
1735538110561 6974308.0 58
1735538139176 6974308.0 59
1735538167086 6974308.0 60
1735538195501 6974308.0 61
1735538224349 6974308.0 62
1735538253279 6974308.0 63
1735538281328 6974308.0 64
1735538308861 6974308.0 65
1735538336783 6974308.0 66
1735538364976 6974308.0 67
1735538392855 6974308.0 68
1735538421204 6974308.0 69
1735538449298 6974308.0 70
