1735536428043 9.999999999999983e-07 0
1735536455651 9.999999999999983e-07 1
1735536483834 0.00010079999999999989 2
1735536513384 0.0002006 3
1735536542708 0.00030039999999999955 4
1735536571140 0.00040020000000000057 5
1735536598717 0.0004969836434458094 6
1735536626742 0.0004956603764285291 7
1735536655636 0.0004940996066749929 8
1735536684410 0.0004923028744765139 9
1735536715222 0.0004902719529908516 10
1735536744336 0.000488008846492312 11
1735536773415 0.000485515788393786 12
1735536803853 0.00048279523904262077 13
1735536833935 0.0004798498832925754 14
1735536863268 0.00047668262785417525 15
1735536892911 0.00047329659842614935 16
1735536923060 0.00046969513661074725 17
1735536953040 0.0004658817966159667 18
1735536982809 0.00046186034174799294 19
1735537012499 0.0004576347406972677 20
1735537042471 0.00045320916362186214 21
1735537072629 0.0004485879780320445 22
1735537102499 0.00044377574448006834 23
1735537132449 0.00043877721205946206 24
1735537162079 0.00043359731371824645 25
1735537191671 0.0004282411613907042 26
1735537221843 0.00042271404095252867 27
1735537251539 0.00041702140700429485 28
1735537281058 0.00041116887748842833 29
1735537310570 0.00040516222814497994 30
1735537340518 0.00039900738681165627 31
1735537369892 0.00039271042757377245 32
1735537399860 0.00038627756476985385 33
1735537429953 0.0003797151468588405 34
1735537459569 0.00037302965015491995 35
1735537488322 0.0003662276724361892 36
1735537518097 0.00035931592643344284 37
1735537547741 0.00035230123320552104 38
1735537576678 0.00034519051540774637 39
1735537606036 0.00033799079046009645 40
1735537634094 0.0003307091636218618 41
1735537662250 0.0003233528209796105 42
1735537690389 0.00031592902235538876 43
1735537718076 0.0003084450941421533 44
1735537746057 0.00030090842207350295 45
1735537774450 0.00029332644393485687 46
1735537802622 0.00028570664222325417 47
1735537830468 0.00027805653676303576 48
1735537858213 0.0002703836772846822 49
1735537886446 0.00026269563597414164 50
1735537914002 0.0002549999999999994 51
1735537941752 0.0002473043640258584 52
1735537970346 0.00023961632271531788 53
1735537998493 0.00023194346323696425 54
1735538025550 0.00022429335777674584 55
1735538054192 0.0002166735560651434 56
1735538082170 0.0002090915779264974 57
1735538110557 0.0002015549058578468 58
1735538139171 0.0001940709776446107 59
1735538167081 0.00018664717902038892 60
1735538195496 0.00017929083637813775 61
1735538224344 0.00017200920953990356 62
1735538253275 0.00016480948459225372 63
1735538281323 0.00015769876679447848 64
1735538308857 0.00015068407356655722 65
1735538336778 0.0001437723275638111 66
1735538364971 0.00013697034984508 67
1735538392850 0.00013028485314115927 68
1735538421200 0.0001237224352301456 69
1735538449294 0.00011728957242622798 70
