1735536428044 4.646072278317717 0
1735536455653 4.642021402870257 1
1735536483835 4.599407456584813 2
1735536513385 4.539323801846848 3
1735536542709 4.483838677406311 4
1735536571141 4.4435064006097535 5
1735536598718 4.4149237133793 6
1735536626744 4.386059118300369 7
1735536655637 4.347356447239512 8
1735536684411 4.337313860962071 9
1735536715223 4.313318749064023 10
1735536744337 4.2953743885472875 11
1735536773417 4.2886028627759405 12
1735536803854 4.276466063617431 13
1735536833936 4.259776907483327 14
1735536863270 4.234787058584469 15
1735536892912 4.224177784526471 16
1735536923062 4.209966378113658 17
1735536953041 4.19756794590311 18
1735536982810 4.162983815694592 19
1735537012501 4.183932836522761 20
1735537042472 4.176017781508338 21
1735537072630 4.17296902789283 22
1735537102500 4.144571255162819 23
1735537132450 4.14346694147464 24
1735537162080 4.131101622409427 25
1735537191672 4.11732037657315 26
1735537221844 4.113307892047253 27
1735537251541 4.08585904246753 28
1735537281059 4.090608199232633 29
1735537310571 4.067339631085543 30
1735537340519 4.090909748962245 31
1735537369894 4.071741094294283 32
1735537399862 4.073835530846389 33
1735537429955 4.053716932375407 34
1735537459570 4.034108917123263 35
1735537488324 4.026268957201967 36
1735537518098 4.033189282589352 37
1735537547742 4.041814920828514 38
1735537576680 4.024201910520337 39
1735537606037 4.008486710258366 40
1735537634096 3.9931451217415406 41
1735537662251 3.9720674224735535 42
1735537690390 3.987653375900898 43
1735537718077 3.9765719169193936 44
1735537746059 3.9783528434861566 45
1735537774452 4.00200913984751 46
1735537802624 3.9767286206029127 47
1735537830469 3.9540598607554878 48
1735537858214 3.949970031521984 49
1735537886448 3.9260775864738777 50
1735537914003 3.948157426008244 51
1735537941754 3.910508453845978 52
1735537970347 3.914685216146646 53
1735537998495 3.92545870776029 54
1735538025551 3.903572019228001 55
1735538054193 3.895468278644011 56
1735538082171 3.907674875456033 57
1735538110558 3.881855422688514 58
1735538139173 3.8521842034821656 59
1735538167082 3.897495096491784 60
1735538195497 3.8820954481351007 61
1735538224346 3.8545748689739976 62
1735538253276 3.8548845157180867 63
1735538281325 3.884313176587685 64
1735538308858 3.877173812733483 65
1735538336779 3.8562259489728 66
1735538364973 3.875299517026882 67
1735538392851 3.824679234593185 68
1735538421201 3.8431300441014398 69
1735538449295 3.8126551742406236 70
