1735552437569 0.0 0
1735552523303 1.0 1
1735552607234 2.0 2
1735552691356 3.0 3
1735552774396 4.0 4
1735552859343 5.0 5
1735552942570 6.0 6
1735553026697 7.0 7
1735553113018 8.0 8
1735553197523 9.0 9
1735553281231 10.0 10
1735553367372 11.0 11
1735553454965 12.0 12
1735553540273 13.0 13
1735553625772 14.0 14
1735553713060 15.0 15
1735553799451 16.0 16
1735553884865 17.0 17
1735553970165 18.0 18
1735554053616 19.0 19
1735554138337 20.0 20
1735554223283 21.0 21
1735554308689 22.0 22
1735554392074 23.0 23
1735554478249 24.0 24
1735554563527 25.0 25
1735554648034 26.0 26
1735554734287 27.0 27
1735554818666 28.0 28
1735554902893 29.0 29
1735554985683 30.0 30
1735555068208 31.0 31
1735555153888 32.0 32
1735555238186 33.0 33
1735555321031 34.0 34
1735555404790 35.0 35
1735555490239 36.0 36
1735555574709 37.0 37
1735555658548 38.0 38
1735555741583 39.0 39
1735555826025 40.0 40
1735555910730 41.0 41
1735555994844 42.0 42
1735556080379 43.0 43
1735556165350 44.0 44
1735556251873 45.0 45
1735556337358 46.0 46
1735556421443 47.0 47
1735556504689 48.0 48
1735556590140 49.0 49
1735556673730 50.0 50
1735556759143 51.0 51
1735556842641 52.0 52
1735556926244 53.0 53
1735557010189 54.0 54
1735557098081 55.0 55
1735557182179 56.0 56
1735557268362 57.0 57
1735557354066 58.0 58
1735557438617 59.0 59
1735557524082 60.0 60
1735557608746 61.0 61
1735557692344 62.0 62
1735557777565 63.0 63
1735557861441 64.0 64
1735557946270 65.0 65
1735558032003 66.0 66
1735558116237 67.0 67
1735558201404 68.0 68
1735558284982 69.0 69
1735558369688 70.0 70
1735558452742 71.0 71
1735558537905 72.0 72
1735558621981 73.0 73
1735558705874 74.0 74
1735558789220 75.0 75
1735558872242 76.0 76
1735558957726 77.0 77
1735559044702 78.0 78
1735559129234 79.0 79
1735559212515 80.0 80
1735559297263 81.0 81
1735559381724 82.0 82
1735559467457 83.0 83
1735559552127 84.0 84
1735559637288 85.0 85
1735559722008 86.0 86
1735559807487 87.0 87
1735559891592 88.0 88
1735559976525 89.0 89
1735560059334 90.0 90
1735560145024 91.0 91
1735560229035 92.0 92
1735560315020 93.0 93
1735560398815 94.0 94
1735560482672 95.0 95
1735560566890 96.0 96
1735560651327 97.0 97
1735560735703 98.0 98
1735560818742 99.0 99
1735560902312 100.0 100
1735560986763 101.0 101
1735561071316 102.0 102
1735561156686 103.0 103
1735561243144 104.0 104
1735561326921 105.0 105
1735561411409 106.0 106
1735561496343 107.0 107
1735561581697 108.0 108
1735561664585 109.0 109
1735561749926 110.0 110
1735561834821 111.0 111
1735561919705 112.0 112
1735562003087 113.0 113
1735562087236 114.0 114
1735562173662 115.0 115
1735562258590 116.0 116
1735562343362 117.0 117
1735562430135 118.0 118
1735562515019 119.0 119
1735562598767 120.0 120
1735562682810 121.0 121
1735562767142 122.0 122
1735562851607 123.0 123
1735562936599 124.0 124
1735563019110 125.0 125
1735563104427 126.0 126
1735563190163 127.0 127
1735563273316 128.0 128
1735563357098 129.0 129
1735563441777 130.0 130
1735563526326 131.0 131
1735563610820 132.0 132
1735563694208 133.0 133
1735563779838 134.0 134
1735563864763 135.0 135
1735563948749 136.0 136
1735564032573 137.0 137
1735564117095 138.0 138
1735564200989 139.0 139
1735564284717 140.0 140
1735564369092 141.0 141
1735564453237 142.0 142
1735564538394 143.0 143
1735564623692 144.0 144
1735564709359 145.0 145
1735564794181 146.0 146
1735564879068 147.0 147
1735564963911 148.0 148
1735565049307 149.0 149
1735565134834 150.0 150
1735565218899 151.0 151
1735565304173 152.0 152
1735565388331 153.0 153
1735565473635 154.0 154
1735565557629 155.0 155
1735565642510 156.0 156
1735565729565 157.0 157
1735565813567 158.0 158
1735565898302 159.0 159
1735565982958 160.0 160
1735566068085 161.0 161
1735566152476 162.0 162
1735566238525 163.0 163
1735566323651 164.0 164
1735566408056 165.0 165
1735566492772 166.0 166
1735566575921 167.0 167
1735566660759 168.0 168
1735566745904 169.0 169
1735566829601 170.0 170
1735566915921 171.0 171
1735567000179 172.0 172
1735567083266 173.0 173
1735567167416 174.0 174
1735567252637 175.0 175
1735567338471 176.0 176
1735567422294 177.0 177
1735567508089 178.0 178
1735567592412 179.0 179
1735567676900 180.0 180
1735567760527 181.0 181
1735567843376 182.0 182
1735567926663 183.0 183
1735568011415 184.0 184
1735568096321 185.0 185
1735568180507 186.0 186
1735568264561 187.0 187
1735568350227 188.0 188
1735568434539 189.0 189
1735568519113 190.0 190
1735568605357 191.0 191
1735568691802 192.0 192
1735568777133 193.0 193
1735568861004 194.0 194
1735568944827 195.0 195
1735569029704 196.0 196
1735569114789 197.0 197
1735569198493 198.0 198
1735569282745 199.0 199
1735569366086 200.0 200
1735569449289 201.0 201
1735569533743 202.0 202
1735569620152 203.0 203
1735569704024 204.0 204
1735569788972 205.0 205
1735569872616 206.0 206
1735569957241 207.0 207
1735570043380 208.0 208
1735570128098 209.0 209
1735570211744 210.0 210
1735570296010 211.0 211
1735570381531 212.0 212
1735570466015 213.0 213
1735570550290 214.0 214
1735570634958 215.0 215
1735570718613 216.0 216
1735570804757 217.0 217
1735570888960 218.0 218
1735570973937 219.0 219
1735571058836 220.0 220
1735571142577 221.0 221
1735571227414 222.0 222
1735571311426 223.0 223
1735571395885 224.0 224
1735571481162 225.0 225
1735571565799 226.0 226
1735571650111 227.0 227
1735571735333 228.0 228
1735571820233 229.0 229
1735571903727 230.0 230
1735571988268 231.0 231
1735572074129 232.0 232
1735572160200 233.0 233
1735572245720 234.0 234
1735572330892 235.0 235
1735572415013 236.0 236
1735572500679 237.0 237
1735572586548 238.0 238
1735572670410 239.0 239
1735572755411 240.0 240
1735572840058 241.0 241
1735572925011 242.0 242
1735573009466 243.0 243
1735573092615 244.0 244
1735573176667 245.0 245
1735573260516 246.0 246
1735573345511 247.0 247
1735573429532 248.0 248
1735573513041 249.0 249
1735573596638 250.0 250
1735573680657 251.0 251
1735573764466 252.0 252
1735573848006 253.0 253
1735573931041 254.0 254
1735574015226 255.0 255
1735574098873 256.0 256
1735574182212 257.0 257
1735574264929 258.0 258
1735574348537 259.0 259
1735574431882 260.0 260
1735574516744 261.0 261
1735574601011 262.0 262
1735574684257 263.0 263
1735574769367 264.0 264
1735574852682 265.0 265
1735574936608 266.0 266
1735575020259 267.0 267
1735575105998 268.0 268
1735575188736 269.0 269
1735575272680 270.0 270
1735575356754 271.0 271
1735575439254 272.0 272
1735575523389 273.0 273
1735575608966 274.0 274
1735575694063 275.0 275
1735575776269 276.0 276
1735575860698 277.0 277
1735575946081 278.0 278
1735576029572 279.0 279
1735576114224 280.0 280
1735576199163 281.0 281
1735576282333 282.0 282
1735576366129 283.0 283
1735576449828 284.0 284
1735576534781 285.0 285
1735576617729 286.0 286
1735576701815 287.0 287
1735576784931 288.0 288
1735576869013 289.0 289
1735576953149 290.0 290
1735577038671 291.0 291
1735577122794 292.0 292
1735577206922 293.0 293
1735577290631 294.0 294
1735577373134 295.0 295
1735577457663 296.0 296
1735577541545 297.0 297
1735577625425 298.0 298
1735577708475 299.0 299
