1735552437570 25796584.0 0
1735552523304 25796584.0 1
1735552607235 25796584.0 2
1735552691356 25796584.0 3
1735552774397 25796584.0 4
1735552859344 25796584.0 5
1735552942571 25796584.0 6
1735553026698 25796584.0 7
1735553113019 25796584.0 8
1735553197524 25796584.0 9
1735553281232 25796584.0 10
1735553367373 25796584.0 11
1735553454966 25796584.0 12
1735553540273 25796584.0 13
1735553625773 25796584.0 14
1735553713060 25796584.0 15
1735553799452 25796584.0 16
1735553884866 25796584.0 17
1735553970165 25796584.0 18
1735554053617 25796584.0 19
1735554138337 25796584.0 20
1735554223283 25796584.0 21
1735554308690 25796584.0 22
1735554392075 25796584.0 23
1735554478250 25796584.0 24
1735554563528 25796584.0 25
1735554648034 25796584.0 26
1735554734288 25796584.0 27
1735554818666 25796584.0 28
1735554902893 25796584.0 29
1735554985684 25796584.0 30
1735555068208 25796584.0 31
1735555153888 25796584.0 32
1735555238187 25796584.0 33
1735555321032 25796584.0 34
1735555404790 25796584.0 35
1735555490240 25796584.0 36
1735555574710 25796584.0 37
1735555658551 25796584.0 38
1735555741584 25796584.0 39
1735555826025 25796584.0 40
1735555910731 25796584.0 41
1735555994845 25796584.0 42
1735556080379 25796584.0 43
1735556165351 25796584.0 44
1735556251873 25796584.0 45
1735556337359 25796584.0 46
1735556421444 25796584.0 47
1735556504689 25796584.0 48
1735556590141 25796584.0 49
1735556673734 25796584.0 50
1735556759144 25796584.0 51
1735556842642 25796584.0 52
1735556926248 25796584.0 53
1735557010190 25796584.0 54
1735557098081 25796584.0 55
1735557182180 25796584.0 56
1735557268362 25796584.0 57
1735557354066 25796584.0 58
1735557438618 25796584.0 59
1735557524082 25796584.0 60
1735557608747 25796584.0 61
1735557692345 25796584.0 62
1735557777565 25796584.0 63
1735557861441 25796584.0 64
1735557946271 25796584.0 65
1735558032004 25796584.0 66
1735558116238 25796584.0 67
1735558201405 25796584.0 68
1735558284983 25796584.0 69
1735558369688 25796584.0 70
1735558452743 25796584.0 71
1735558537906 25796584.0 72
1735558621982 25796584.0 73
1735558705874 25796584.0 74
1735558789221 25796584.0 75
1735558872243 25796584.0 76
1735558957727 25796584.0 77
1735559044702 25796584.0 78
1735559129235 25796584.0 79
1735559212516 25796584.0 80
1735559297264 25796584.0 81
1735559381724 25796584.0 82
1735559467457 25796584.0 83
1735559552128 25796584.0 84
1735559637289 25796584.0 85
1735559722009 25796584.0 86
1735559807487 25796584.0 87
1735559891592 25796584.0 88
1735559976526 25796584.0 89
1735560059334 25796584.0 90
1735560145025 25796584.0 91
1735560229035 25796584.0 92
1735560315021 25796584.0 93
1735560398815 25796584.0 94
1735560482673 25796584.0 95
1735560566891 25796584.0 96
1735560651328 25796584.0 97
1735560735703 25796584.0 98
1735560818742 25796584.0 99
1735560902313 25796584.0 100
1735560986764 25796584.0 101
1735561071317 25796584.0 102
1735561156687 25796584.0 103
1735561243145 25796584.0 104
1735561326922 25796584.0 105
1735561411409 25796584.0 106
1735561496344 25796584.0 107
1735561581698 25796584.0 108
1735561664585 25796584.0 109
1735561749927 25796584.0 110
1735561834821 25796584.0 111
1735561919705 25796584.0 112
1735562003088 25796584.0 113
1735562087236 25796584.0 114
1735562173662 25796584.0 115
1735562258594 25796584.0 116
1735562343363 25796584.0 117
1735562430136 25796584.0 118
1735562515019 25796584.0 119
1735562598767 25796584.0 120
1735562682811 25796584.0 121
1735562767142 25796584.0 122
1735562851608 25796584.0 123
1735562936603 25796584.0 124
1735563019110 25796584.0 125
1735563104428 25796584.0 126
1735563190163 25796584.0 127
1735563273316 25796584.0 128
1735563357099 25796584.0 129
1735563441778 25796584.0 130
1735563526327 25796584.0 131
1735563610820 25796584.0 132
1735563694208 25796584.0 133
1735563779839 25796584.0 134
1735563864764 25796584.0 135
1735563948750 25796584.0 136
1735564032574 25796584.0 137
1735564117096 25796584.0 138
1735564200990 25796584.0 139
1735564284718 25796584.0 140
1735564369098 25796584.0 141
1735564453238 25796584.0 142
1735564538395 25796584.0 143
1735564623693 25796584.0 144
1735564709360 25796584.0 145
1735564794182 25796584.0 146
1735564879068 25796584.0 147
1735564963912 25796584.0 148
1735565049307 25796584.0 149
1735565134835 25796584.0 150
1735565218899 25796584.0 151
1735565304173 25796584.0 152
1735565388332 25796584.0 153
1735565473636 25796584.0 154
1735565557630 25796584.0 155
1735565642511 25796584.0 156
1735565729566 25796584.0 157
1735565813568 25796584.0 158
1735565898303 25796584.0 159
1735565982959 25796584.0 160
1735566068086 25796584.0 161
1735566152476 25796584.0 162
1735566238526 25796584.0 163
1735566323652 25796584.0 164
1735566408056 25796584.0 165
1735566492773 25796584.0 166
1735566575922 25796584.0 167
1735566660760 25796584.0 168
1735566745905 25796584.0 169
1735566829602 25796584.0 170
1735566915922 25796584.0 171
1735567000180 25796584.0 172
1735567083267 25796584.0 173
1735567167416 25796584.0 174
1735567252638 25796584.0 175
1735567338472 25796584.0 176
1735567422295 25796584.0 177
1735567508090 25796584.0 178
1735567592413 25796584.0 179
1735567676901 25796584.0 180
1735567760528 25796584.0 181
1735567843377 25796584.0 182
1735567926663 25796584.0 183
1735568011415 25796584.0 184
1735568096322 25796584.0 185
1735568180508 25796584.0 186
1735568264561 25796584.0 187
1735568350227 25796584.0 188
1735568434539 25796584.0 189
1735568519113 25796584.0 190
1735568605358 25796584.0 191
1735568691803 25796584.0 192
1735568777134 25796584.0 193
1735568861005 25796584.0 194
1735568944828 25796584.0 195
1735569029705 25796584.0 196
1735569114789 25796584.0 197
1735569198493 25796584.0 198
1735569282745 25796584.0 199
1735569366087 25796584.0 200
1735569449289 25796584.0 201
1735569533743 25796584.0 202
1735569620153 25796584.0 203
1735569704025 25796584.0 204
1735569788972 25796584.0 205
1735569872616 25796584.0 206
1735569957241 25796584.0 207
1735570043381 25796584.0 208
1735570128099 25796584.0 209
1735570211745 25796584.0 210
1735570296010 25796584.0 211
1735570381532 25796584.0 212
1735570466016 25796584.0 213
1735570550291 25796584.0 214
1735570634959 25796584.0 215
1735570718614 25796584.0 216
1735570804758 25796584.0 217
1735570888961 25796584.0 218
1735570973938 25796584.0 219
1735571058837 25796584.0 220
1735571142578 25796584.0 221
1735571227415 25796584.0 222
1735571311427 25796584.0 223
1735571395885 25796584.0 224
1735571481163 25796584.0 225
1735571565800 25796584.0 226
1735571650112 25796584.0 227
1735571735334 25796584.0 228
1735571820233 25796584.0 229
1735571903727 25796584.0 230
1735571988269 25796584.0 231
1735572074129 25796584.0 232
1735572160200 25796584.0 233
1735572245721 25796584.0 234
1735572330893 25796584.0 235
1735572415014 25796584.0 236
1735572500680 25796584.0 237
1735572586549 25796584.0 238
1735572670410 25796584.0 239
1735572755412 25796584.0 240
1735572840059 25796584.0 241
1735572925011 25796584.0 242
1735573009467 25796584.0 243
1735573092616 25796584.0 244
1735573176668 25796584.0 245
1735573260517 25796584.0 246
1735573345512 25796584.0 247
1735573429532 25796584.0 248
1735573513042 25796584.0 249
1735573596642 25796584.0 250
1735573680658 25796584.0 251
1735573764466 25796584.0 252
1735573848007 25796584.0 253
1735573931041 25796584.0 254
1735574015227 25796584.0 255
1735574098874 25796584.0 256
1735574182213 25796584.0 257
1735574264929 25796584.0 258
1735574348538 25796584.0 259
1735574431882 25796584.0 260
1735574516744 25796584.0 261
1735574601012 25796584.0 262
1735574684258 25796584.0 263
1735574769368 25796584.0 264
1735574852682 25796584.0 265
1735574936608 25796584.0 266
1735575020260 25796584.0 267
1735575105999 25796584.0 268
1735575188736 25796584.0 269
1735575272681 25796584.0 270
1735575356755 25796584.0 271
1735575439255 25796584.0 272
1735575523390 25796584.0 273
1735575608966 25796584.0 274
1735575694064 25796584.0 275
1735575776269 25796584.0 276
1735575860699 25796584.0 277
1735575946081 25796584.0 278
1735576029573 25796584.0 279
1735576114228 25796584.0 280
1735576199164 25796584.0 281
1735576282334 25796584.0 282
1735576366130 25796584.0 283
1735576449828 25796584.0 284
1735576534782 25796584.0 285
1735576617733 25796584.0 286
1735576701816 25796584.0 287
1735576784932 25796584.0 288
1735576869014 25796584.0 289
1735576953149 25796584.0 290
1735577038672 25796584.0 291
1735577122795 25796584.0 292
1735577206923 25796584.0 293
1735577290632 25796584.0 294
1735577373135 25796584.0 295
1735577457667 25796584.0 296
1735577541546 25796584.0 297
1735577625426 25796584.0 298
1735577708476 25796584.0 299
