1735552437567 6.935539978245894 0
1735552523301 6.919468951721986 1
1735552607232 5.756748480101426 2
1735552691353 5.329361056288083 3
1735552774394 5.212592092653115 4
1735552859340 5.128974509735902 5
1735552942568 5.200919086734454 6
1735553026695 5.122298734883468 7
1735553113015 5.111122354865074 8
1735553197521 5.046174839138985 9
1735553281229 5.036783034602801 10
1735553367369 5.006662291785081 11
1735553454962 4.996245436370373 12
1735553540270 4.9572798783580465 13
1735553625770 4.9283760488033295 14
1735553713057 4.930015842119853 15
1735553799449 4.891533014674981 16
1735553884862 4.85822373131911 17
1735553970162 4.864126061399777 18
1735554053613 4.849154904484749 19
1735554138334 4.819424609343211 20
1735554223280 4.840436359246572 21
1735554308686 4.784085174401601 22
1735554392072 4.81135609994332 23
1735554478247 4.770314199229081 24
1735554563524 4.774643802394469 25
1735554648031 4.776990654567878 26
1735554734280 4.710649389773607 27
1735554818663 4.774235901733239 28
1735554902890 4.721488552788894 29
1735554985681 4.692279377331336 30
1735555068201 4.703939975549777 31
1735555153885 4.656293374796708 32
1735555238183 4.713964458554983 33
1735555321027 4.608309286336104 34
1735555404787 4.665625562270482 35
1735555490236 4.66272238145272 36
1735555574707 4.566486993183692 37
1735555658545 4.576954163610935 38
1735555741581 4.49920142441988 39
1735555826022 4.515198587129514 40
1735555910728 4.551832918077707 41
1735555994841 4.613073127965133 42
1735556080376 4.555225724975268 43
1735556165347 4.586926195770502 44
1735556251870 4.565423031648 45
1735556337355 4.516118769844373 46
1735556421441 4.504921413958073 47
1735556504686 4.54899230102698 48
1735556590137 4.5007996161778765 49
1735556673727 4.481971261401971 50
1735556759140 4.499067769696315 51
1735556842639 4.446046460419893 52
1735556926241 4.418747913092375 53
1735557010186 4.449749099711577 54
1735557098078 4.445451465745767 55
1735557182173 4.444920315096776 56
1735557268359 4.3964683674275875 57
1735557354063 4.384691850592692 58
1735557438615 4.393175840377808 59
1735557524079 4.388730493684609 60
1735557608743 4.37221809849143 61
1735557692341 4.364024007072051 62
1735557777562 4.404650088399649 63
1735557861438 4.365321011592944 64
1735557946267 4.3512087389826775 65
1735558032001 4.383300633480151 66
1735558116235 4.370851133018732 67
1735558201401 4.367565222084522 68
1735558284976 4.3319917644063635 69
1735558369685 4.337342632313569 70
1735558452739 4.277775375793378 71
1735558537903 4.265201271822055 72
1735558621979 4.267155123253663 73
1735558705871 4.264599875857432 74
1735558789217 4.365348473191261 75
1735558872240 4.204257967571418 76
1735558957724 4.313122091193994 77
1735559044699 4.273525509983301 78
1735559129231 4.269581055889527 79
1735559212512 4.198422205944856 80
1735559297261 4.221687467147906 81
1735559381721 4.216260722527902 82
1735559467454 4.194092955440283 83
1735559552125 4.1982782272001105 84
1735559637286 4.152043016006549 85
1735559722005 4.2079990183313685 86
1735559807484 4.164412011702855 87
1735559891589 4.181454710662365 88
1735559976523 4.168549034744501 89
1735560059331 4.146994618078073 90
1735560145021 4.147175925473372 91
1735560229027 4.202438652515411 92
1735560315017 4.195950675755739 93
1735560398812 4.164614969243606 94
1735560482665 4.174779733022054 95
1735560566888 4.131399353345235 96
1735560651324 4.112300505240758 97
1735560735700 4.058395599325498 98
1735560818739 4.100657321512699 99
1735560902309 4.052974184354146 100
1735560986760 4.0578115694224834 101
1735561071313 4.053381034483512 102
1735561156683 4.062062485764424 103
1735561243137 4.077028843263785 104
1735561326919 4.037626329809427 105
1735561411406 3.9559834177295365 106
1735561496340 4.0269011072814465 107
1735561581692 4.016027484089136 108
1735561664582 4.034417554736137 109
1735561749923 4.009699588020642 110
1735561834814 3.9809422232210636 111
1735561919702 4.037281556675832 112
1735562003084 4.0250019778807955 113
1735562087233 3.895656501253446 114
1735562173659 3.961341429501772 115
1735562258587 3.9953893336157003 116
1735562343359 3.9369341023266315 117
1735562430133 3.959826771169901 118
1735562515016 3.882106347630421 119
1735562598764 3.8524680534998574 120
1735562682807 3.925409235060215 121
1735562767139 3.9679757381478944 122
1735562851604 3.925908646235863 123
1735562936596 3.8890744981666407 124
1735563019107 3.8536631191770234 125
1735563104425 3.87087282538414 126
1735563190160 3.8653045992056527 127
1735563273313 3.87474342311422 128
1735563357096 3.8284025142590203 129
1735563441774 3.940757729113102 130
1735563526324 3.907563727349043 131
1735563610817 3.8980798311531544 132
1735563694205 3.8999244682490826 133
1735563779835 3.834367702404658 134
1735563864760 3.8509476433197656 135
1735563948746 3.8629243572553 136
1735564032571 3.8150634045402207 137
1735564117093 3.7602579978605113 138
1735564200986 3.748203232884407 139
1735564284715 3.7984113494555154 140
1735564369090 3.781300706168016 141
1735564453234 3.7156629910071692 142
1735564538391 3.7370429610212645 143
1735564623689 3.751822159936031 144
1735564709356 3.7012940359612307 145
1735564794175 3.760827745000521 146
1735564879065 3.7588985512653985 147
1735564963908 3.713986304899057 148
1735565049304 3.6876042671501637 149
1735565134832 3.675930932164192 150
1735565218896 3.675730482985576 151
1735565304170 3.7032346973816552 152
1735565388328 3.6610366702079773 153
1735565473632 3.684195085118214 154
1735565557626 3.6926996322969594 155
1735565642507 3.739560756832361 156
1735565729563 3.6690485725800195 157
1735565813564 3.6807149313390255 158
1735565898299 3.6168323742846646 159
1735565982956 3.61279267569383 160
1735566068082 3.6151589838167033 161
1735566152473 3.596267490337292 162
1735566238522 3.6524466214080653 163
1735566323649 3.672845009714365 164
1735566408053 3.6106725161274276 165
1735566492769 3.5955529771745205 166
1735566575919 3.6054645280043283 167
1735566660756 3.618071712553501 168
1735566745902 3.5093704101939998 169
1735566829599 3.579745082805554 170
1735566915918 3.555221054702997 171
1735567000177 3.605789658923944 172
1735567083263 3.5337370273967585 173
1735567167413 3.6135772118965783 174
1735567252635 3.480030443519354 175
1735567338469 3.5931158078213534 176
1735567422292 3.5258579924702644 177
1735567508082 3.5299138675133386 178
1735567592410 3.6348909251391888 179
1735567676897 3.5332702112694583 180
1735567760525 3.4937274617453418 181
1735567843373 3.5185622945427895 182
1735567926660 3.5080531469235816 183
1735568011412 3.4800978240867457 184
1735568096319 3.483468101670345 185
1735568180504 3.4599877136449018 186
1735568264558 3.4103638840218387 187
1735568350224 3.39552645633618 188
1735568434536 3.432740689565738 189
1735568519110 3.4893389381468296 190
1735568605354 3.433800676216682 191
1735568691800 3.3855070949842534 192
1735568777131 3.4343203442792096 193
1735568861002 3.4110705982893705 194
1735568944821 3.494120673586925 195
1735569029698 3.5175713263452053 196
1735569114786 3.4257664419710636 197
1735569198490 3.3134114208320775 198
1735569282742 3.367253866046667 199
1735569366084 3.351918786764145 200
1735569449286 3.4524922408163548 201
1735569533740 3.4529191299031177 202
1735569620150 3.4232997174064317 203
1735569704022 3.378989605853955 204
1735569788969 3.304793198903402 205
1735569872613 3.4110462355117 206
1735569957238 3.216651014983654 207
1735570043377 3.351125362018744 208
1735570128095 3.401272272070249 209
1735570211742 3.3656319907555976 210
1735570296007 3.3000186321636042 211
1735570381529 3.361501327405373 212
1735570466012 3.2909482264270387 213
1735570550287 3.3493513595312834 214
1735570634952 3.3803784965227046 215
1735570718611 3.34309637794892 216
1735570804754 3.2369921381274858 217
1735570888953 3.3202538372327886 218
1735570973935 3.2665950128187737 219
1735571058833 3.3055914137512445 220
1735571142574 3.3346219609181085 221
1735571227411 3.326123741144935 222
1735571311423 3.2822991174956164 223
1735571395882 3.305382572735349 224
1735571481160 3.2501826776812472 225
1735571565796 3.3052061442285776 226
1735571650109 3.226557253549496 227
1735571735330 3.2704809537778297 228
1735571820230 3.2823469353218875 229
1735571903724 3.2105281688272953 230
1735571988265 3.20843822012345 231
1735572074126 3.268387181684375 232
1735572160197 3.169034988308946 233
1735572245717 3.1722831887503466 234
1735572330890 3.349006542315086 235
1735572415011 3.2858031572153172 236
1735572500677 3.2591708855082593 237
1735572586545 3.2774090928335986 238
1735572670407 3.2778198905289173 239
1735572755408 3.253585518027345 240
1735572840056 3.2180411610752344 241
1735572925008 3.248130681614081 242
1735573009463 3.2239496503025293 243
1735573092613 3.157305700083574 244
1735573176664 3.2042117193341255 245
1735573260514 3.2496998521188893 246
1735573345507 3.2408370164533458 247
1735573429529 3.3030673873921237 248
1735573513036 3.1210962819556394 249
1735573596635 3.1803789138793945 250
1735573680654 3.213602475821972 251
1735573764459 3.077006130789717 252
1735573848003 3.1955270351221166 253
1735573931038 3.1741737984120846 254
1735574015224 3.2425113127877316 255
1735574098870 3.156926704570651 256
1735574182209 3.174025404577454 257
1735574264926 3.1639133828381696 258
1735574348535 3.188222882027427 259
1735574431879 3.2337655232598386 260
1735574516740 3.2023147890965142 261
1735574601008 3.1597951781004667 262
1735574684254 3.201155509799719 263
1735574769364 3.239594987904032 264
1735574852679 3.165316746880611 265
1735574936605 3.1098024590561786 266
1735575020257 3.124627205232779 267
1735575105995 3.2029871394236884 268
1735575188733 3.129778010149797 269
1735575272678 3.119817830622196 270
1735575356751 3.2122122775763273 271
1735575439252 3.1974196986605725 272
1735575523387 3.125019430493315 273
1735575608963 3.1055949634561935 274
1735575694060 3.218569821367661 275
1735575776266 3.2250049877911806 276
1735575860695 3.024861374249061 277
1735575946078 3.231149218355616 278
1735576029569 3.1287636843820414 279
1735576114221 3.12173580750823 280
1735576199160 3.0628317445516586 281
1735576282326 3.0567100904881954 282
1735576366126 3.05619788231949 283
1735576449825 3.1034465301781893 284
1735576534778 3.1103033820788064 285
1735576617726 3.172230454161763 286
1735576701813 3.0964654702693224 287
1735576784929 3.1240961936612925 288
1735576869011 3.063166976595918 289
1735576953146 3.1199786675473056 290
1735577038668 3.0711086901525655 291
1735577122792 3.0632755973686776 292
1735577206920 3.1552692192296186 293
1735577290629 3.181294565399488 294
1735577373128 3.154242050523559 295
1735577457660 3.116779967521628 296
1735577541543 2.9982434095193944 297
1735577625423 3.127152613674601 298
1735577708472 3.1859486494213343 299
