1735552437565 9.999999999999991e-07 0
1735552523299 9.999999999999991e-07 1
1735552607230 0.0004007999999999998 2
1735552691352 0.0008005999999999993 3
1735552774392 0.0012003999999999988 4
1735552859339 0.0016002000000000004 5
1735552942566 0.0019986363870808 6
1735553026693 0.0019980365947861313 7
1735553113014 0.001997327904838336 8
1735553197519 0.001996510394953257 9
1735553281227 0.001995584154780063 10
1735553367368 0.0019945492858914333 11
1735553454961 0.0019934059017723956 12
1735553540268 0.0019921541278079035 13
1735553625768 0.001990794101269085 14
1735553713055 0.0019893259712981714 15
1735553799447 0.0019877498988921626 16
1735553884861 0.0019860660568851536 17
1735553970161 0.001984274629929395 18
1735554053612 0.001982375814475047 19
1735554138333 0.001980369818748611 20
1735554223279 0.0019782568627301354 21
1735554308685 0.0019760371781290535 22
1735554392070 0.001973711008358793 23
1735554478245 0.001971278608510087 24
1735554563522 0.0019687402453229903 25
1735554648030 0.0019660961971576236 26
1735554734279 0.0019633467539636705 27
1735554818662 0.0019604922172485597 28
1735554902889 0.0019575329000444076 29
1735554985679 0.0019544691268736938 30
1735555068200 0.0019513012337136768 31
1735555153883 0.0019480295679595399 32
1735555238182 0.001944654488386294 33
1735555321026 0.0019411763651094557 34
1735555404785 0.001937595579544431 35
1735555490235 0.0019339125243647145 36
1735555574705 0.001930127603458811 37
1735555658544 0.0019262412318859458 38
1735555741579 0.0019222538358305565 39
1735555826020 0.0019181658525555627 40
1735555910726 0.0019139777303543864 41
1735555994840 0.0019096899285018336 42
1735556080375 0.001905302917203689 43
1735556165346 0.001900817177545185 44
1735556251869 0.0018962332014382148 45
1735556337354 0.0018915514915674267 46
1735556421440 0.0018867725613350575 47
1735556504684 0.001881896934804668 48
1735556590136 0.0018769251466436434 49
1735556673726 0.0018718577420645903 50
1735556759139 0.001866695276765515 51
1735556842637 0.0018614383168689258 52
1735556926240 0.0018560874388597046 53
1735557010185 0.0018506432295219285 54
1735557098077 0.001845106285874504 55
1735557182172 0.0018394772151056986 56
1735557268358 0.0018337566345065501 57
1735557354062 0.0018279451714031901 58
1735557438613 0.0018220434630880356 59
1735557524078 0.0018160521567499126 60
1735557608738 0.001809971909403074 61
1735557692339 0.0018038033878151605 62
1735557777560 0.0017975472684340769 63
1735557861437 0.0017912042373138118 64
1735557946266 0.0017847749900392104 65
1735558031999 0.0017782602316496882 66
1735558116233 0.0017716606765619117 67
1735558201400 0.0017649770484914706 68
1735558284975 0.0017582100803734968 69
1735558369683 0.0017513605142823057 70
1735558452737 0.0017444291013500076 71
1735558537901 0.0017374166016841375 72
1735558621977 0.001730323784284305 73
1735558705869 0.0017231514269578693 74
1735558789216 0.0017159003162346405 75
1735558872238 0.0017085712472806145 76
1735558957722 0.0017011650238107998 77
1735559044698 0.0016936824580010554 78
1735559129230 0.0016861243703990435 79
1735559212511 0.0016784915898342464 80
1735559297259 0.0016707849533270645 81
1735559381720 0.0016630053059970334 82
1735559467453 0.0016551535009701555 83
1735559552123 0.0016472303992853307 84
1735559637284 0.001639236869799947 85
1735559722004 0.0016311737890945895 86
1735559807483 0.0016230420413769198 87
1735559891588 0.001614842518384711 88
1735559976521 0.0016065761192880638 89
1735560059329 0.0015982437505907877 90
1735560145020 0.001589846326031012 91
1735560229026 0.0015813847664809665 92
1735560315016 0.0015728599998460085 93
1735560398810 0.0015642729609628703 94
1735560482664 0.0015556245914971265 95
1735560566886 0.001546915839839952 96
1735560651323 0.001538147661004102 97
1735560735699 0.0015293210165191944 98
1735560818737 0.0015204368743262644 99
1735560902308 0.0015114962086716212 100
1735560986758 0.0015024999999999993 101
1735561071312 0.001493449234847066 102
1735561156682 0.0014843449057312063 103
1735561243136 0.0014751880110447089 104
1735561326917 0.0014659795549442631 105
1735561411405 0.0014567205472408495 106
1735561496339 0.0014474120032890029 107
1735561581690 0.0014380549438754659 108
1735561664580 0.001428650395107248 109
1735561749922 0.0014191993882990987 110
1735561834813 0.0014097029598604208 111
1735561919700 0.001400162151181606 112
1735562003083 0.0013905780085198417 113
1735562087232 0.001380951582884376 114
1735562173658 0.0013712839299212538 115
1735562258586 0.0013615761097975753 116
1735562343358 0.0013518291870852066 117
1735562430131 0.0013420442306440663 118
1735562515014 0.00133222231350489 119
1735562598763 0.0013223645127515785 120
1735562682806 0.0013124719094030745 121
1735562767138 0.0013025455882948055 122
1735562851603 0.001292586637959751 123
1735562936595 0.001282596150509033 124
1735563019106 0.0012725752215121888 125
1735563104423 0.0012625249498770096 126
1735563190158 0.0012524464377290307 127
1735563273311 0.0012423407902906883 128
1735563357094 0.0012322091157601013 129
1735563441773 0.00122205252518956 130
1735563526322 0.0012118721323636711 131
1735563610816 0.0012016690536772313 132
1735563694203 0.0011914444080127968 133
1735563779834 0.0011811993166179844 134
1735563864759 0.001170934902982521 135
1735563948745 0.0011606522927150305 136
1735564032569 0.0011503526134196 137
1735564117091 0.001140036994572132 138
1735564200985 0.0011297065673964836 139
1735564284713 0.0011193624647404031 140
1735564369088 0.0011090058209513164 141
1735564453233 0.0010986377717519208 142
1735564538390 0.0010882594541156544 143
1735564623688 0.0010778720061419922 144
1735564709355 0.0010674765669316663 145
1735564794174 0.0010570742764617286 146
1735564879064 0.0010466662754605534 147
1735564963907 0.0010362537052827365 148
1735565049303 0.0010258377077839395 149
1735565134830 0.0010154194251956652 150
1735565218895 0.0010049999999999994 151
1735565304168 0.000994580574804336 152
1735565388327 0.0009841622922160604 153
1735565473631 0.0009737462947172621 154
1735565557625 0.0009633337245394462 155
1735565642506 0.0009529257235382712 156
1735565729561 0.0009425234330683324 157
1735565813563 0.0009321279938580072 158
1735565898298 0.0009217405458843466 159
1735565982954 0.0009113622282480789 160
1735566068081 0.0009009941790486855 161
1735566152472 0.0008906375352595982 162
1735566238521 0.0008802934326035177 163
1735566323647 0.0008699630054278678 164
1735566408051 0.0008596473865804003 165
1735566492767 0.0008493477072849713 166
1735566575917 0.0008390650970174774 167
1735566660755 0.0008288006833820151 168
1735566745900 0.0008185555919872036 169
1735566829597 0.0008083309463227689 170
1735566915917 0.0007981278676363292 171
1735567000175 0.0007879474748104403 172
1735567083262 0.0007777908842398973 173
1735567167411 0.000767659209709312 174
1735567252634 0.0007575535622709697 175
1735567338467 0.0007474750501229927 176
1735567422290 0.0007374247784878101 177
1735567508080 0.0007274038494909659 178
1735567592408 0.0007174133620402513 179
1735567676896 0.0007074544117051939 180
1735567760523 0.0006975280905969278 181
1735567843372 0.0006876354872484208 182
1735567926659 0.0006777776864951091 183
1735568011411 0.0006679557693559348 184
1735568096317 0.0006581708129147941 185
1735568180503 0.000648423890202427 186
1735568264557 0.0006387160700787458 187
1735568350223 0.000629048417115626 188
1735568434535 0.0006194219914801571 189
1735568519109 0.0006098378488183928 190
1735568605353 0.0006002970401395788 191
1735568691799 0.0005908006117009008 192
1735568777128 0.0005813496048927524 193
1735568861000 0.0005719450561245339 194
1735568944820 0.0005625879967109979 195
1735569029697 0.0005532794527591506 196
1735569114785 0.0005440204450557379 197
1735569198489 0.000534811988955292 198
1735569282741 0.0005256550942687937 199
1735569366082 0.000516550765152935 200
1735569449285 0.0005075000000000001 201
1735569533738 0.000498503791328381 202
1735569620148 0.0004895631256737361 203
1735569704020 0.00048067898348080554 204
1735569788968 0.0004718523389958989 205
1735569872612 0.00046308416016004836 206
1735569957236 0.0004543754085028729 207
1735570043376 0.0004457270390371308 208
1735570128094 0.0004371400001539905 209
1735570211740 0.00042861523351903427 210
1735570296006 0.00042015367396898906 211
1735570381527 0.0004117562494092123 212
1735570466011 0.00040342388071193733 213
1735570550286 0.0003951574816152891 214
1735570634950 0.0003869579586230809 215
1735570718609 0.00037882621090541197 216
1735570804753 0.00037076313020005373 217
1735570888951 0.0003627696007146694 218
1735570973934 0.00035484649902984547 219
1735571058832 0.00034699469400296614 220
1735571142573 0.0003392150466729363 221
1735571227409 0.00033150841016575287 222
1735571311421 0.00032387562960095454 223
1735571395880 0.0003163175419989456 224
1735571481158 0.0003088349761892015 225
1735571565795 0.00030142875271938494 226
1735571650107 0.00029409968376536104 227
1735571735329 0.0002868485730421299 228
1735571820228 0.0002796762157156961 229
1735571903723 0.0002725833983158646 230
1735571988264 0.00026557089864999266 231
1735572074125 0.0002586394857176928 232
1735572160196 0.0002517899196265023 233
1735572245716 0.000245022951508531 234
1735572330888 0.00023833932343808955 235
1735572415009 0.00023173976835031386 236
1735572500675 0.00022522500996078972 237
1735572586544 0.0002187957626861882 238
1735572670406 0.00021245273156592448 239
1735572755407 0.00020619661218484138 240
1735572840054 0.00020002809059692722 241
1735572925007 0.0001939478432500884 242
1735573009462 0.00018795653691196427 243
1735573092611 0.0001820548285968109 244
1735573176663 0.00017624336549345104 245
1735573260512 0.00017052278489430332 246
1735573345505 0.000164893714125495 247
1735573429527 0.00015935677047807051 248
1735573513035 0.00015391256114029585 249
1735573596633 0.0001485616831310762 250
1735573680653 0.00014330472323448385 251
1735573764457 0.00013814225793541145 252
1735573848002 0.00013307485335635567 253
1735573931036 0.00012810306519533274 254
1735574015222 0.00012322743866494126 255
1735574098869 0.000118448508432574 256
1735574182208 0.00011376679856178448 257
1735574264924 0.00010918282245481744 258
1735574348532 0.00010469708279631065 259
1735574431878 0.00010031007149816688 260
1735574516739 9.602226964561227e-05 261
1735574601007 9.183414744443894e-05 262
1735574684253 8.774616416944191e-05 263
1735574769363 8.37587681140552e-05 264
1735574852678 7.987239654118998e-05 265
1735574936604 7.608747563528436e-05 266
1735575020255 7.240442045556792e-05 267
1735575105994 6.882363489054562e-05 268
1735575188732 6.534551161370636e-05 269
1735575272676 6.19704320404623e-05 270
1735575356750 5.869876628632227e-05 271
1735575439250 5.553087312630457e-05 272
1735575523385 5.246709995559306e-05 273
1735575608961 4.9507782751441645e-05 274
1735575694059 4.665324603633018e-05 275
1735575776265 4.3903802842377055e-05 276
1735575860694 4.1259754677012105e-05 277
1735575946077 3.872139148991218e-05 278
1735576029564 3.628899164120554e-05 279
1735576114220 3.396282187094637e-05 280
1735576199159 3.1743137269863476e-05 281
1735576282325 2.963018125138684e-05 282
1735576366125 2.7624185524954816e-05 283
1735576449824 2.5725370070604327e-05 284
1735576534777 2.3933943114847556e-05 285
1735576617725 2.225010110783804e-05 286
1735576701811 2.0674028701826627e-05 287
1735576784927 1.920589873091361e-05 288
1735576869009 1.784587219209464e-05 289
1735576953145 1.6594098227605527e-05 290
1735577038667 1.545071410856807e-05 291
1735577122790 1.4415845219935418e-05 292
1735577206918 1.348960504674316e-05 293
1735577290627 1.2672095161664181e-05 294
1735577373126 1.1963405213869798e-05 295
1735577457659 1.1363612919199031e-05 296
1735577541541 1.0872784051635899e-05 297
1735577625421 1.0490972436097064e-05 298
1735577708471 1.0218219942528738e-05 299
