1735583109428 0.0 0
1735583191583 1.0 1
1735583272147 2.0 2
1735583353994 3.0 3
1735583434947 4.0 4
1735583514698 5.0 5
1735583594828 6.0 6
1735583675744 7.0 7
1735583754568 8.0 8
1735583835870 9.0 9
1735583916943 10.0 10
1735583997252 11.0 11
1735584077166 12.0 12
1735584157153 13.0 13
1735584237950 14.0 14
1735584318861 15.0 15
1735584400590 16.0 16
1735584483902 17.0 17
1735584565399 18.0 18
1735584646208 19.0 19
1735584727131 20.0 20
1735584811949 21.0 21
1735584895366 22.0 22
1735584978431 23.0 23
1735585060863 24.0 24
1735585144236 25.0 25
1735585227766 26.0 26
1735585311264 27.0 27
1735585394838 28.0 28
1735585478256 29.0 29
