1735583109429 25796584.0 0
1735583191584 25796584.0 1
1735583272148 25796584.0 2
1735583353994 25796584.0 3
1735583434948 25796584.0 4
1735583514698 25796584.0 5
1735583594829 25796584.0 6
1735583675745 25796584.0 7
1735583754569 25796584.0 8
1735583835871 25796584.0 9
1735583916944 25796584.0 10
1735583997252 25796584.0 11
1735584077166 25796584.0 12
1735584157153 25796584.0 13
1735584237951 25796584.0 14
1735584318862 25796584.0 15
1735584400591 25796584.0 16
1735584483903 25796584.0 17
1735584565399 25796584.0 18
1735584646209 25796584.0 19
1735584727132 25796584.0 20
1735584811949 25796584.0 21
1735584895367 25796584.0 22
1735584978432 25796584.0 23
1735585060863 25796584.0 24
1735585144237 25796584.0 25
1735585227767 25796584.0 26
1735585311265 25796584.0 27
1735585394838 25796584.0 28
1735585478257 25796584.0 29
