1735583109424 1.000000000000002e-05 0
1735583191579 1.000000000000002e-05 1
1735583272143 1.000000000000002e-05 2
1735583353990 1.000000000000002e-05 3
1735583434943 1.000000000000002e-05 4
1735583514694 1.000000000000002e-05 5
1735583594821 1.000000000000002e-05 6
1735583675740 1.000000000000002e-05 7
1735583754564 1.000000000000002e-05 8
1735583835866 1.000000000000002e-05 9
1735583916939 1.000000000000002e-05 10
1735583997248 1.000000000000002e-05 11
1735584077162 1.000000000000002e-05 12
1735584157148 1.000000000000002e-05 13
1735584237944 1.000000000000002e-05 14
1735584318856 1.000000000000002e-05 15
1735584400585 1.000000000000002e-05 16
1735584483898 1.000000000000002e-05 17
1735584565394 1.000000000000002e-05 18
1735584646204 1.000000000000002e-05 19
1735584727127 1.000000000000002e-05 20
1735584811943 1.000000000000002e-05 21
1735584895362 1.000000000000002e-05 22
1735584978427 1.000000000000002e-05 23
1735585060859 1.000000000000002e-05 24
1735585144232 1.000000000000002e-05 25
1735585227762 1.000000000000002e-05 26
1735585311260 1.000000000000002e-05 27
1735585394834 1.000000000000002e-05 28
1735585478252 1.000000000000002e-05 29
