1735583109425 6.42603700554248 0
1735583191580 5.747755971151529 1
1735583272144 5.51200030882334 2
1735583353991 5.290946186203318 3
1735583434945 5.035790906738989 4
1735583514695 4.778183886685322 5
1735583594823 4.579859025085096 6
1735583675742 4.397786043353917 7
1735583754566 4.228108082849955 8
1735583835868 4.141204477585468 9
1735583916941 4.04266134488214 10
1735583997249 3.946828938636583 11
1735584077163 3.9195726888695943 12
1735584157150 3.846406672418732 13
1735584237947 3.811905806826562 14
1735584318858 3.7455257564475857 15
1735584400587 3.705776300012451 16
1735584483899 3.6679772200043668 17
1735584565396 3.613312187268562 18
1735584646205 3.515559492037468 19
1735584727129 3.561418818444321 20
1735584811945 3.5660608804103027 21
1735584895364 3.561300404907502 22
1735584978428 3.5126731672237828 23
1735585060860 3.4859169408218147 24
1735585144233 3.4743386494744684 25
1735585227764 3.432885371532637 26
1735585311261 3.447990582161343 27
1735585394835 3.3847494985639432 28
1735585478254 3.4092734032070515 29
