1735549793230 0.0 0
1735549878303 1.0 1
1735549962685 2.0 2
1735550047496 3.0 3
1735550131874 4.0 4
1735550217750 5.0 5
1735550302833 6.0 6
1735550387433 7.0 7
1735550472504 8.0 8
1735550556611 9.0 9
1735550641849 10.0 10
1735550725485 11.0 11
1735550809279 12.0 12
1735550893360 13.0 13
1735550976906 14.0 14
1735551060784 15.0 15
1735551144272 16.0 16
1735551228364 17.0 17
1735551312405 18.0 18
1735551396177 19.0 19
1735551480579 20.0 20
1735551564079 21.0 21
1735551648171 22.0 22
1735551733823 23.0 23
1735551817365 24.0 24
