1735549793231 25796584.0 0
1735549878304 25796584.0 1
1735549962686 25796584.0 2
1735550047497 25796584.0 3
1735550131875 25796584.0 4
1735550217751 25796584.0 5
1735550302833 25796584.0 6
1735550387433 25796584.0 7
1735550472505 25796584.0 8
1735550556611 25796584.0 9
1735550641850 25796584.0 10
1735550725485 25796584.0 11
1735550809280 25796584.0 12
1735550893360 25796584.0 13
1735550976907 25796584.0 14
1735551060785 25796584.0 15
1735551144272 25796584.0 16
1735551228365 25796584.0 17
1735551312406 25796584.0 18
1735551396178 25796584.0 19
1735551480579 25796584.0 20
1735551564080 25796584.0 21
1735551648172 25796584.0 22
1735551733823 25796584.0 23
1735551817366 25796584.0 24
