1735549793226 9.999999999999978e-07 0
1735549878299 9.999999999999978e-07 1
1735549962681 0.00010080000000000021 2
1735550047492 0.00020060000000000002 3
1735550131870 0.00030039999999999944 4
1735550217746 0.0004002000000000019 5
1735550302828 0.0004969836434458073 6
1735550387428 0.0004956603764285267 7
1735550472497 0.0004940996066749953 8
1735550556605 0.0004923028744765154 9
1735550641841 0.0004902719529908524 10
1735550725480 0.0004880088464923143 11
1735550809275 0.00048551578839378635 12
1735550893355 0.0004827952390426228 13
1735550976902 0.0004798498832925731 14
1735551060780 0.00047668262785417634 15
1735551144265 0.0004732965984261503 16
1735551228360 0.00046969513661074627 17
1735551312400 0.0004658817966159678 18
1735551396173 0.00046186034174799484 19
1735551480573 0.00045763474069726676 20
1735551564074 0.00045320916362186214 21
1735551648167 0.0004485879780320445 22
1735551733819 0.00044377574448006834 23
1735551817361 0.0004387772120594637 24
