1735549793227 6.917809592760526 0
1735549878301 6.852864742890382 1
1735549962682 5.671466579192724 2
1735550047494 5.270267037856273 3
1735550131871 5.141859233685029 4
1735550217748 5.081054696669946 5
1735550302830 5.077739370174897 6
1735550387430 5.033607860100575 7
1735550472501 4.990848672695649 8
1735550556608 4.922541612845201 9
1735550641845 4.935051054220933 10
1735550725482 4.901684638475761 11
1735550809276 4.877903148149833 12
1735550893357 4.843094456501496 13
1735550976903 4.818825378173437 14
1735551060782 4.8051490019529295 15
1735551144268 4.797424054145813 16
1735551228362 4.760936926878416 17
1735551312402 4.747970320016909 18
1735551396175 4.751939202271975 19
1735551480575 4.7047277630903785 20
1735551564076 4.695561395852994 21
1735551648168 4.697943298938947 22
1735551733820 4.699491431468572 23
1735551817363 4.6360245530421915 24
