1735546688895 0.0 0
1735546717032 1.0 1
1735546745109 2.0 2
1735546772811 3.0 3
1735546800611 4.0 4
1735546827820 5.0 5
1735546856195 6.0 6
1735546884094 7.0 7
1735546911629 8.0 8
1735546939403 9.0 9
1735546968417 10.0 10
1735546996079 11.0 11
1735547023779 12.0 12
1735547051800 13.0 13
1735547079274 14.0 14
1735547106765 15.0 15
1735547134778 16.0 16
1735547162531 17.0 17
1735547189828 18.0 18
1735547217351 19.0 19
1735547245620 20.0 20
1735547273686 21.0 21
1735547300641 22.0 22
1735547328471 23.0 23
1735547357410 24.0 24
1735547384903 25.0 25
1735547412615 26.0 26
1735547441051 27.0 27
1735547469203 28.0 28
1735547497370 29.0 29
1735547524507 30.0 30
1735547552436 31.0 31
1735547580408 32.0 32
1735547608382 33.0 33
1735547636579 34.0 34
1735547664488 35.0 35
1735547692478 36.0 36
1735547720709 37.0 37
1735547748642 38.0 38
1735547775702 39.0 39
1735547803621 40.0 40
1735547831069 41.0 41
1735547859852 42.0 42
1735547888941 43.0 43
1735547917480 44.0 44
1735547947193 45.0 45
1735547975665 46.0 46
1735548004046 47.0 47
1735548031785 48.0 48
1735548060347 49.0 49
1735548089329 50.0 50
1735548116951 51.0 51
1735548144865 52.0 52
1735548172996 53.0 53
1735548201471 54.0 54
1735548230018 55.0 55
1735548258987 56.0 56
1735548288508 57.0 57
1735548316721 58.0 58
1735548345362 59.0 59
1735548374507 60.0 60
1735548404747 61.0 61
1735548433178 62.0 62
1735548462010 63.0 63
1735548491206 64.0 64
1735548520205 65.0 65
1735548549921 66.0 66
1735548578484 67.0 67
1735548607838 68.0 68
1735548637320 69.0 69
1735548666400 70.0 70
1735548695381 71.0 71
1735548725084 72.0 72
1735548753959 73.0 73
1735548782314 74.0 74
1735548812388 75.0 75
1735548840819 76.0 76
1735548869106 77.0 77
1735548898771 78.0 78
1735548927968 79.0 79
1735548956536 80.0 80
1735548984866 81.0 81
1735549014278 82.0 82
1735549042823 83.0 83
1735549071842 84.0 84
1735549100222 85.0 85
1735549128880 86.0 86
1735549158080 87.0 87
1735549187336 88.0 88
1735549215830 89.0 89
1735549245215 90.0 90
1735549275071 91.0 91
1735549303554 92.0 92
1735549332759 93.0 93
1735549361354 94.0 94
1735549390298 95.0 95
1735549418942 96.0 96
1735549448519 97.0 97
1735549478030 98.0 98
1735549506577 99.0 99
