1735546688895 6956938.0 0
1735546717032 6956938.0 1
1735546745109 6956938.0 2
1735546772812 6956938.0 3
1735546800612 6956938.0 4
1735546827821 6956938.0 5
1735546856196 6956938.0 6
1735546884094 6956938.0 7
1735546911630 6956938.0 8
1735546939404 6956938.0 9
1735546968418 6956938.0 10
1735546996080 6956938.0 11
1735547023780 6956938.0 12
1735547051801 6956938.0 13
1735547079275 6956938.0 14
1735547106766 6956938.0 15
1735547134778 6956938.0 16
1735547162532 6956938.0 17
1735547189829 6956938.0 18
1735547217352 6956938.0 19
1735547245621 6956938.0 20
1735547273686 6956938.0 21
1735547300642 6956938.0 22
1735547328472 6956938.0 23
1735547357411 6956938.0 24
1735547384903 6956938.0 25
1735547412616 6956938.0 26
1735547441051 6956938.0 27
1735547469204 6956938.0 28
1735547497371 6956938.0 29
1735547524507 6956938.0 30
1735547552437 6956938.0 31
1735547580409 6956938.0 32
1735547608383 6956938.0 33
1735547636580 6956938.0 34
1735547664488 6956938.0 35
1735547692478 6956938.0 36
1735547720710 6956938.0 37
1735547748643 6956938.0 38
1735547775703 6956938.0 39
1735547803622 6956938.0 40
1735547831069 6956938.0 41
1735547859853 6956938.0 42
1735547888941 6956938.0 43
1735547917481 6956938.0 44
1735547947194 6956938.0 45
1735547975666 6956938.0 46
1735548004046 6956938.0 47
1735548031786 6956938.0 48
1735548060348 6956938.0 49
1735548089330 6956938.0 50
1735548116952 6956938.0 51
1735548144865 6956938.0 52
1735548172997 6956938.0 53
1735548201471 6956938.0 54
1735548230019 6956938.0 55
1735548258988 6956938.0 56
1735548288509 6956938.0 57
1735548316722 6956938.0 58
1735548345362 6956938.0 59
1735548374508 6956938.0 60
1735548404748 6956938.0 61
1735548433179 6956938.0 62
1735548462010 6956938.0 63
1735548491206 6956938.0 64
1735548520206 6956938.0 65
1735548549922 6956938.0 66
1735548578484 6956938.0 67
1735548607839 6956938.0 68
1735548637321 6956938.0 69
1735548666400 6956938.0 70
1735548695382 6956938.0 71
1735548725085 6956938.0 72
1735548753960 6956938.0 73
1735548782315 6956938.0 74
1735548812389 6956938.0 75
1735548840819 6956938.0 76
1735548869107 6956938.0 77
1735548898772 6956938.0 78
1735548927968 6956938.0 79
1735548956537 6956938.0 80
1735548984867 6956938.0 81
1735549014278 6956938.0 82
1735549042827 6956938.0 83
1735549071843 6956938.0 84
1735549100223 6956938.0 85
1735549128880 6956938.0 86
1735549158081 6956938.0 87
1735549187337 6956938.0 88
1735549215831 6956938.0 89
1735549245215 6956938.0 90
1735549275071 6956938.0 91
1735549303555 6956938.0 92
1735549332760 6956938.0 93
1735549361355 6956938.0 94
1735549390299 6956938.0 95
1735549418943 6956938.0 96
1735549448520 6956938.0 97
1735549478030 6956938.0 98
1735549506579 6956938.0 99
