1735546688892 2.3210152756307543 0
1735546717029 2.3063636907597176 1
1735546745106 2.0635492405326095 2
1735546772808 1.991543724979322 3
1735546800608 1.9765432249639452 4
1735546827817 1.9638120446008505 5
1735546856193 1.9615952421709435 6
1735546884091 1.9625413344078457 7
1735546911627 1.929409382576795 8
1735546939400 1.9407355877542005 9
1735546968414 1.932557661816017 10
1735546996077 1.9244681535307895 11
1735547023776 1.9331362969482069 12
1735547051797 1.9206866978370036 13
1735547079272 1.9282351618575067 14
1735547106763 1.9085977713471836 15
1735547134775 1.905772625785513 16
1735547162529 1.8965373558481944 17
1735547189826 1.8832573632604068 18
1735547217349 1.856117746879145 19
1735547245618 1.8870673201133294 20
1735547273683 1.893994817721475 21
1735547300639 1.8930711776939864 22
1735547328469 1.873724237238009 23
1735547357406 1.87363019985022 24
1735547384897 1.8747096574798072 25
1735547412612 1.8593838641938476 26
1735547441048 1.8680544191414548 27
1735547469201 1.8405818189542318 28
1735547497367 1.8605005178869385 29
1735547524504 1.8408058814166748 30
1735547552434 1.8644485009699752 31
1735547580406 1.8494098641208767 32
1735547608380 1.861084542630874 33
1735547636576 1.8391199382310062 34
1735547664485 1.8297632348906134 35
1735547692475 1.8232010074497498 36
1735547720707 1.838739147198569 37
1735547748640 1.8469905161980502 38
1735547775699 1.8277362738687968 39
1735547803618 1.823513998198755 40
1735547831066 1.8182965403365106 41
1735547859850 1.8076202285658454 42
1735547888937 1.8212545074752926 43
1735547917476 1.8198570510775773 44
1735547947191 1.8258956971856737 45
1735547975662 1.824353835939132 46
1735548004043 1.8175871599580824 47
1735548031782 1.79800534217628 48
1735548060344 1.812446011095932 49
1735548089327 1.7974464340308278 50
1735548116948 1.8015653438789327 51
1735548144862 1.7842793913231683 52
1735548172993 1.7943936226908694 53
1735548201468 1.7931357612929393 54
1735548230016 1.7911051502547313 55
1735548258984 1.7857760323077132 56
1735548288505 1.7887755340522098 57
1735548316719 1.7777866367826756 58
1735548345359 1.75504732838611 59
1735548374504 1.781002268656013 60
1735548404744 1.7794433647824317 61
1735548433175 1.7597272270119066 62
1735548462007 1.7651260959118913 63
1735548491203 1.7836917949091529 64
1735548520202 1.7820960071283518 65
1735548549918 1.767940355023158 66
1735548578480 1.7784890443393864 67
1735548607834 1.750362873999114 68
1735548637317 1.7599562391177894 69
1735548666397 1.7474839112807794 70
1735548695378 1.736635277258981 71
1735548725080 1.7492730731202155 72
1735548753954 1.7527546547737318 73
1735548782311 1.728760589643852 74
1735548812385 1.7347757333947211 75
1735548840814 1.7470025982438904 76
1735548869104 1.7504738424856638 77
1735548898769 1.7417185156001258 78
1735548927965 1.7428199077389903 79
1735548956534 1.7177118010742147 80
1735548984864 1.7474017889843774 81
1735549014275 1.7438466776277601 82
1735549042820 1.7250693077893602 83
1735549071840 1.7296153239368164 84
1735549100220 1.7358447918572377 85
1735549128876 1.7327214964886302 86
1735549158076 1.7335102899172872 87
1735549187332 1.7522387390898675 88
1735549215826 1.7267539212384175 89
1735549245209 1.7372076486803822 90
1735549275068 1.7247891275538612 91
1735549303550 1.7190408064532525 92
1735549332756 1.7000551205320455 93
1735549361352 1.7218498590680742 94
1735549390296 1.7207388899375482 95
1735549418939 1.7348043270332296 96
1735549448516 1.7324307293621535 97
1735549478027 1.6881440764235467 98
1735549506575 1.7333690441146339 99
