1735546688891 9.999999999999983e-07 0
1735546717028 9.999999999999983e-07 1
1735546745105 0.00010079999999999989 2
1735546772807 0.0002006 3
1735546800607 0.00030039999999999955 4
1735546827816 0.00040020000000000057 5
1735546856191 0.0004969836434458094 6
1735546884090 0.0004956603764285291 7
1735546911625 0.0004940996066749929 8
1735546939399 0.0004923028744765139 9
1735546968413 0.0004902719529908516 10
1735546996075 0.000488008846492312 11
1735547023775 0.000485515788393786 12
1735547051796 0.00048279523904262077 13
1735547079270 0.0004798498832925754 14
1735547106762 0.00047668262785417525 15
1735547134774 0.00047329659842614935 16
1735547162527 0.00046969513661074725 17
1735547189824 0.0004658817966159667 18
1735547217348 0.00046186034174799294 19
1735547245616 0.0004576347406972677 20
1735547273682 0.00045320916362186214 21
1735547300637 0.0004485879780320445 22
1735547328468 0.00044377574448006834 23
1735547357405 0.00043877721205946206 24
1735547384895 0.00043359731371824645 25
1735547412611 0.0004282411613907042 26
1735547441047 0.00042271404095252867 27
1735547469199 0.00041702140700429485 28
1735547497366 0.00041116887748842833 29
1735547524503 0.00040516222814497994 30
1735547552432 0.00039900738681165627 31
1735547580405 0.00039271042757377245 32
1735547608378 0.00038627756476985385 33
1735547636575 0.0003797151468588405 34
1735547664483 0.00037302965015491995 35
1735547692474 0.0003662276724361892 36
1735547720705 0.00035931592643344284 37
1735547748639 0.00035230123320552104 38
1735547775698 0.00034519051540774637 39
1735547803617 0.00033799079046009645 40
1735547831065 0.0003307091636218618 41
1735547859849 0.0003233528209796105 42
1735547888936 0.00031592902235538876 43
1735547917475 0.0003084450941421533 44
1735547947189 0.00030090842207350295 45
1735547975661 0.00029332644393485687 46
1735548004042 0.00028570664222325417 47
1735548031780 0.00027805653676303576 48
1735548060343 0.0002703836772846822 49
1735548089326 0.00026269563597414164 50
1735548116947 0.0002549999999999994 51
1735548144861 0.0002473043640258584 52
1735548172992 0.00023961632271531788 53
1735548201467 0.00023194346323696425 54
1735548230015 0.00022429335777674584 55
1735548258983 0.0002166735560651434 56
1735548288503 0.0002090915779264974 57
1735548316717 0.0002015549058578468 58
1735548345358 0.0001940709776446107 59
1735548374503 0.00018664717902038892 60
1735548404741 0.00017929083637813775 61
1735548433173 0.00017200920953990356 62
1735548462005 0.00016480948459225372 63
1735548491202 0.00015769876679447848 64
1735548520201 0.00015068407356655722 65
1735548549916 0.0001437723275638111 66
1735548578478 0.00013697034984508 67
1735548607832 0.00013028485314115927 68
1735548637316 0.0001237224352301456 69
1735548666396 0.00011728957242622798 70
1735548695376 0.00011099261318834409 71
1735548725079 0.00010483777185502082 72
1735548753952 9.883112251157096e-05 73
1735548782310 9.297859299570518e-05 74
1735548812384 8.728595904747115e-05 75
1735548840812 8.175883860929602e-05 76
1735548869102 7.640268628175422e-05 77
1735548898767 7.122278794053753e-05 78
1735548927963 6.622425551993173e-05 79
1735548956532 6.141202196795578e-05 80
1735548984862 5.67908363781379e-05 81
1735549014274 5.2365259302732434e-05 82
1735549042819 4.813965825200637e-05 83
1735549071838 4.411820338403371e-05 84
1735549100218 4.0304863389253435e-05 85
1735549128874 3.670340157384994e-05 86
1735549158058 3.3317372145825196e-05 87
1735549187331 3.0150116707424633e-05 88
1735549215824 2.7204760957378435e-05 89
1735549245207 2.4484211606214733e-05 90
1735549275066 2.1991153507687356e-05 91
1735549303548 1.9728047009149016e-05 92
1735549332754 1.7697125523485395e-05 93
1735549361350 1.5900393325006944e-05 94
1735549390294 1.4339623571471285e-05 95
1735549418937 1.3016356554191285e-05 96
1735549448514 1.1931898177952965e-05 97
1735549478026 1.1087318672245397e-05 98
1735549506573 1.0483451535073474e-05 99
