1735548311956 0.0 0
1735548395327 1.0 1
1735548478923 2.0 2
1735548562172 3.0 3
1735548645824 4.0 4
1735548728791 5.0 5
1735548813144 6.0 6
1735548896077 7.0 7
1735548980327 8.0 8
1735549062836 9.0 9
1735549145449 10.0 10
1735549229151 11.0 11
1735549313142 12.0 12
1735549397646 13.0 13
1735549481329 14.0 14
1735549564154 15.0 15
1735549645897 16.0 16
1735549727219 17.0 17
1735549808575 18.0 18
1735549889785 19.0 19
1735549971101 20.0 20
1735550053296 21.0 21
1735550135123 22.0 22
1735550217056 23.0 23
1735550299802 24.0 24
1735550383018 25.0 25
1735550465265 26.0 26
1735550547407 27.0 27
1735550629989 28.0 28
1735550712604 29.0 29
1735550794352 30.0 30
1735550876590 31.0 31
1735550958971 32.0 32
1735551041204 33.0 33
1735551123740 34.0 34
1735551206115 35.0 35
1735551288459 36.0 36
1735551370368 37.0 37
1735551452339 38.0 38
1735551535365 39.0 39
1735551617289 40.0 40
1735551698980 41.0 41
1735551781266 42.0 42
1735551863175 43.0 43
1735551944271 44.0 44
1735552027136 45.0 45
1735552107948 46.0 46
1735552189342 47.0 47
1735552271024 48.0 48
1735552353352 49.0 49
1735552434690 50.0 50
1735552516511 51.0 51
1735552598198 52.0 52
1735552679551 53.0 53
1735552760930 54.0 54
1735552842831 55.0 55
1735552924926 56.0 56
1735553006441 57.0 57
1735553087935 58.0 58
1735553170111 59.0 59
1735553252399 60.0 60
1735553334002 61.0 61
1735553415724 62.0 62
1735553497308 63.0 63
1735553578912 64.0 64
1735553660427 65.0 65
1735553741973 66.0 66
1735553823570 67.0 67
1735553905248 68.0 68
1735553986575 69.0 69
1735554067692 70.0 70
1735554149438 71.0 71
1735554231284 72.0 72
1735554313233 73.0 73
1735554394516 74.0 74
1735554476487 75.0 75
1735554558849 76.0 76
1735554641345 77.0 77
1735554723401 78.0 78
1735554805379 79.0 79
1735554887540 80.0 80
1735554969632 81.0 81
1735555052014 82.0 82
1735555134055 83.0 83
1735555215961 84.0 84
1735555297964 85.0 85
1735555380060 86.0 86
1735555461944 87.0 87
1735555543739 88.0 88
1735555626136 89.0 89
1735555708631 90.0 90
1735555790502 91.0 91
1735555872191 92.0 92
1735555954065 93.0 93
1735556035618 94.0 94
1735556117340 95.0 95
1735556199408 96.0 96
1735556281417 97.0 97
1735556364125 98.0 98
1735556445980 99.0 99
1735556527648 100.0 100
1735556609408 101.0 101
1735556691137 102.0 102
1735556772853 103.0 103
1735556855097 104.0 104
1735556937584 105.0 105
1735557020054 106.0 106
1735557102199 107.0 107
1735557184088 108.0 108
1735557266219 109.0 109
1735557348396 110.0 110
1735557431046 111.0 111
1735557513209 112.0 112
1735557595071 113.0 113
1735557677085 114.0 114
1735557759582 115.0 115
1735557841665 116.0 116
1735557923905 117.0 117
1735558005590 118.0 118
1735558088234 119.0 119
1735558170238 120.0 120
1735558252009 121.0 121
1735558334129 122.0 122
1735558416077 123.0 123
1735558498230 124.0 124
1735558579968 125.0 125
1735558661798 126.0 126
1735558743686 127.0 127
1735558825320 128.0 128
1735558907364 129.0 129
1735558988710 130.0 130
1735559070559 131.0 131
1735559152862 132.0 132
1735559234570 133.0 133
1735559317167 134.0 134
1735559399615 135.0 135
1735559481216 136.0 136
1735559563359 137.0 137
1735559646126 138.0 138
1735559728759 139.0 139
1735559810874 140.0 140
1735559893407 141.0 141
1735559975889 142.0 142
1735560058462 143.0 143
1735560140107 144.0 144
1735560221964 145.0 145
1735560303814 146.0 146
1735560385827 147.0 147
1735560467102 148.0 148
1735560548418 149.0 149
1735560629981 150.0 150
1735560711651 151.0 151
1735560793406 152.0 152
1735560874852 153.0 153
1735560956154 154.0 154
1735561037967 155.0 155
1735561119400 156.0 156
1735561201820 157.0 157
1735561283715 158.0 158
1735561364863 159.0 159
1735561446301 160.0 160
1735561528149 161.0 161
1735561609664 162.0 162
1735561691141 163.0 163
1735561772583 164.0 164
1735561854248 165.0 165
1735561935769 166.0 166
1735562016830 167.0 167
1735562098448 168.0 168
1735562180463 169.0 169
1735562262671 170.0 170
1735562343955 171.0 171
1735562426146 172.0 172
1735562508554 173.0 173
1735562590811 174.0 174
1735562672964 175.0 175
1735562754902 176.0 176
1735562836779 177.0 177
1735562918786 178.0 178
1735563000300 179.0 179
1735563082754 180.0 180
1735563164489 181.0 181
1735563246582 182.0 182
1735563327751 183.0 183
1735563409359 184.0 184
1735563491185 185.0 185
1735563573494 186.0 186
1735563654842 187.0 187
1735563736594 188.0 188
1735563818779 189.0 189
1735563900523 190.0 190
1735563982970 191.0 191
1735564064995 192.0 192
1735564146981 193.0 193
1735564228962 194.0 194
1735564311268 195.0 195
1735564393122 196.0 196
1735564475031 197.0 197
1735564557129 198.0 198
1735564638284 199.0 199
1735564720342 200.0 200
1735564803407 201.0 201
1735564886246 202.0 202
1735564968875 203.0 203
1735565050426 204.0 204
1735565132451 205.0 205
1735565214447 206.0 206
1735565296795 207.0 207
1735565378727 208.0 208
1735565460756 209.0 209
1735565542549 210.0 210
1735565624205 211.0 211
1735565706418 212.0 212
1735565788290 213.0 213
1735565870085 214.0 214
1735565952131 215.0 215
1735566034049 216.0 216
1735566115848 217.0 217
1735566197202 218.0 218
1735566278842 219.0 219
1735566360851 220.0 220
1735566442267 221.0 221
1735566524459 222.0 222
1735566606086 223.0 223
1735566687898 224.0 224
1735566769955 225.0 225
1735566851551 226.0 226
1735566933101 227.0 227
1735567014583 228.0 228
1735567096829 229.0 229
1735567178258 230.0 230
1735567260762 231.0 231
1735567342875 232.0 232
1735567424292 233.0 233
1735567506500 234.0 234
1735567588647 235.0 235
1735567670822 236.0 236
1735567753156 237.0 237
1735567835684 238.0 238
1735567918163 239.0 239
1735568000278 240.0 240
1735568082288 241.0 241
1735568163811 242.0 242
1735568245221 243.0 243
1735568327074 244.0 244
1735568408852 245.0 245
1735568490540 246.0 246
1735568572169 247.0 247
1735568653690 248.0 248
1735568735767 249.0 249
1735568817369 250.0 250
1735568899442 251.0 251
1735568981154 252.0 252
1735569062722 253.0 253
1735569145157 254.0 254
1735569226565 255.0 255
1735569308731 256.0 256
1735569390865 257.0 257
1735569472823 258.0 258
1735569554445 259.0 259
1735569636492 260.0 260
1735569717546 261.0 261
1735569800073 262.0 262
1735569883246 263.0 263
1735569966256 264.0 264
1735570048184 265.0 265
1735570129481 266.0 266
1735570211635 267.0 267
1735570293351 268.0 268
1735570375878 269.0 269
1735570457842 270.0 270
1735570539399 271.0 271
1735570640143 272.0 272
1735570721679 273.0 273
1735570804155 274.0 274
1735570886756 275.0 275
1735570973749 276.0 276
1735571056403 277.0 277
1735571139121 278.0 278
1735571225291 279.0 279
1735571306897 280.0 280
1735571389194 281.0 281
1735571470903 282.0 282
1735571552447 283.0 283
1735571634553 284.0 284
1735571716426 285.0 285
1735571799505 286.0 286
1735571881554 287.0 287
1735571963343 288.0 288
1735572045060 289.0 289
1735572126633 290.0 290
1735572208692 291.0 291
1735572290559 292.0 292
1735572372570 293.0 293
1735572454373 294.0 294
1735572535496 295.0 295
1735572617758 296.0 296
1735572700023 297.0 297
1735572782592 298.0 298
1735572864449 299.0 299
