1735548311957 7148008.0 0
1735548395327 7148008.0 1
1735548478923 7148008.0 2
1735548562173 7148008.0 3
1735548645825 7148008.0 4
1735548728791 7148008.0 5
1735548813145 7148008.0 6
1735548896078 7148008.0 7
1735548980328 7148008.0 8
1735549062836 7148008.0 9
1735549145450 7148008.0 10
1735549229151 7148008.0 11
1735549313143 7148008.0 12
1735549397647 7148008.0 13
1735549481330 7148008.0 14
1735549564154 7148008.0 15
1735549645898 7148008.0 16
1735549727220 7148008.0 17
1735549808575 7148008.0 18
1735549889785 7148008.0 19
1735549971102 7148008.0 20
1735550053296 7148008.0 21
1735550135124 7148008.0 22
1735550217056 7148008.0 23
1735550299806 7148008.0 24
1735550383019 7148008.0 25
1735550465265 7148008.0 26
1735550547408 7148008.0 27
1735550629990 7148008.0 28
1735550712605 7148008.0 29
1735550794352 7148008.0 30
1735550876590 7148008.0 31
1735550958972 7148008.0 32
1735551041204 7148008.0 33
1735551123741 7148008.0 34
1735551206116 7148008.0 35
1735551288459 7148008.0 36
1735551370369 7148008.0 37
1735551452340 7148008.0 38
1735551535365 7148008.0 39
1735551617290 7148008.0 40
1735551698980 7148008.0 41
1735551781267 7148008.0 42
1735551863179 7148008.0 43
1735551944271 7148008.0 44
1735552027136 7148008.0 45
1735552107949 7148008.0 46
1735552189343 7148008.0 47
1735552271025 7148008.0 48
1735552353353 7148008.0 49
1735552434691 7148008.0 50
1735552516512 7148008.0 51
1735552598199 7148008.0 52
1735552679551 7148008.0 53
1735552760931 7148008.0 54
1735552842832 7148008.0 55
1735552924927 7148008.0 56
1735553006441 7148008.0 57
1735553087936 7148008.0 58
1735553170112 7148008.0 59
1735553252400 7148008.0 60
1735553334002 7148008.0 61
1735553415725 7148008.0 62
1735553497309 7148008.0 63
1735553578912 7148008.0 64
1735553660428 7148008.0 65
1735553741973 7148008.0 66
1735553823571 7148008.0 67
1735553905248 7148008.0 68
1735553986576 7148008.0 69
1735554067692 7148008.0 70
1735554149438 7148008.0 71
1735554231285 7148008.0 72
1735554313234 7148008.0 73
1735554394517 7148008.0 74
1735554476488 7148008.0 75
1735554558849 7148008.0 76
1735554641346 7148008.0 77
1735554723402 7148008.0 78
1735554805380 7148008.0 79
1735554887541 7148008.0 80
1735554969633 7148008.0 81
1735555052015 7148008.0 82
1735555134055 7148008.0 83
1735555215962 7148008.0 84
1735555297964 7148008.0 85
1735555380060 7148008.0 86
1735555461945 7148008.0 87
1735555543742 7148008.0 88
1735555626137 7148008.0 89
1735555708631 7148008.0 90
1735555790503 7148008.0 91
1735555872192 7148008.0 92
1735555954065 7148008.0 93
1735556035619 7148008.0 94
1735556117340 7148008.0 95
1735556199408 7148008.0 96
1735556281417 7148008.0 97
1735556364125 7148008.0 98
1735556445980 7148008.0 99
1735556527649 7148008.0 100
1735556609410 7148008.0 101
1735556691138 7148008.0 102
1735556772853 7148008.0 103
1735556855097 7148008.0 104
1735556937584 7148008.0 105
1735557020054 7148008.0 106
1735557102200 7148008.0 107
1735557184089 7148008.0 108
1735557266219 7148008.0 109
1735557348397 7148008.0 110
1735557431047 7148008.0 111
1735557513210 7148008.0 112
1735557595071 7148008.0 113
1735557677086 7148008.0 114
1735557759582 7148008.0 115
1735557841665 7148008.0 116
1735557923906 7148008.0 117
1735558005591 7148008.0 118
1735558088235 7148008.0 119
1735558170238 7148008.0 120
1735558252010 7148008.0 121
1735558334129 7148008.0 122
1735558416078 7148008.0 123
1735558498231 7148008.0 124
1735558579969 7148008.0 125
1735558661799 7148008.0 126
1735558743687 7148008.0 127
1735558825321 7148008.0 128
1735558907365 7148008.0 129
1735558988711 7148008.0 130
1735559070559 7148008.0 131
1735559152862 7148008.0 132
1735559234571 7148008.0 133
1735559317168 7148008.0 134
1735559399616 7148008.0 135
1735559481217 7148008.0 136
1735559563359 7148008.0 137
1735559646127 7148008.0 138
1735559728759 7148008.0 139
1735559810875 7148008.0 140
1735559893408 7148008.0 141
1735559975889 7148008.0 142
1735560058463 7148008.0 143
1735560140107 7148008.0 144
1735560221965 7148008.0 145
1735560303815 7148008.0 146
1735560385827 7148008.0 147
1735560467103 7148008.0 148
1735560548419 7148008.0 149
1735560629981 7148008.0 150
1735560711652 7148008.0 151
1735560793407 7148008.0 152
1735560874852 7148008.0 153
1735560956155 7148008.0 154
1735561037968 7148008.0 155
1735561119401 7148008.0 156
1735561201821 7148008.0 157
1735561283715 7148008.0 158
1735561364864 7148008.0 159
1735561446301 7148008.0 160
1735561528150 7148008.0 161
1735561609665 7148008.0 162
1735561691141 7148008.0 163
1735561772584 7148008.0 164
1735561854249 7148008.0 165
1735561935770 7148008.0 166
1735562016830 7148008.0 167
1735562098448 7148008.0 168
1735562180464 7148008.0 169
1735562262671 7148008.0 170
1735562343955 7148008.0 171
1735562426147 7148008.0 172
1735562508555 7148008.0 173
1735562590812 7148008.0 174
1735562672965 7148008.0 175
1735562754903 7148008.0 176
1735562836780 7148008.0 177
1735562918786 7148008.0 178
1735563000301 7148008.0 179
1735563082754 7148008.0 180
1735563164490 7148008.0 181
1735563246582 7148008.0 182
1735563327752 7148008.0 183
1735563409359 7148008.0 184
1735563491186 7148008.0 185
1735563573495 7148008.0 186
1735563654842 7148008.0 187
1735563736595 7148008.0 188
1735563818780 7148008.0 189
1735563900524 7148008.0 190
1735563982971 7148008.0 191
1735564064996 7148008.0 192
1735564146982 7148008.0 193
1735564228962 7148008.0 194
1735564311269 7148008.0 195
1735564393122 7148008.0 196
1735564475032 7148008.0 197
1735564557130 7148008.0 198
1735564638285 7148008.0 199
1735564720343 7148008.0 200
1735564803408 7148008.0 201
1735564886246 7148008.0 202
1735564968876 7148008.0 203
1735565050427 7148008.0 204
1735565132451 7148008.0 205
1735565214448 7148008.0 206
1735565296796 7148008.0 207
1735565378728 7148008.0 208
1735565460757 7148008.0 209
1735565542550 7148008.0 210
1735565624206 7148008.0 211
1735565706419 7148008.0 212
1735565788290 7148008.0 213
1735565870086 7148008.0 214
1735565952132 7148008.0 215
1735566034050 7148008.0 216
1735566115849 7148008.0 217
1735566197203 7148008.0 218
1735566278843 7148008.0 219
1735566360851 7148008.0 220
1735566442268 7148008.0 221
1735566524460 7148008.0 222
1735566606086 7148008.0 223
1735566687898 7148008.0 224
1735566769956 7148008.0 225
1735566851552 7148008.0 226
1735566933101 7148008.0 227
1735567014584 7148008.0 228
1735567096830 7148008.0 229
1735567178259 7148008.0 230
1735567260762 7148008.0 231
1735567342876 7148008.0 232
1735567424293 7148008.0 233
1735567506500 7148008.0 234
1735567588647 7148008.0 235
1735567670823 7148008.0 236
1735567753157 7148008.0 237
1735567835685 7148008.0 238
1735567918164 7148008.0 239
1735568000279 7148008.0 240
1735568082288 7148008.0 241
1735568163812 7148008.0 242
1735568245222 7148008.0 243
1735568327074 7148008.0 244
1735568408853 7148008.0 245
1735568490541 7148008.0 246
1735568572170 7148008.0 247
1735568653691 7148008.0 248
1735568735768 7148008.0 249
1735568817369 7148008.0 250
1735568899443 7148008.0 251
1735568981154 7148008.0 252
1735569062723 7148008.0 253
1735569145158 7148008.0 254
1735569226566 7148008.0 255
1735569308731 7148008.0 256
1735569390866 7148008.0 257
1735569472823 7148008.0 258
1735569554445 7148008.0 259
1735569636493 7148008.0 260
1735569717547 7148008.0 261
1735569800074 7148008.0 262
1735569883246 7148008.0 263
1735569966257 7148008.0 264
1735570048184 7148008.0 265
1735570129481 7148008.0 266
1735570211636 7148008.0 267
1735570293352 7148008.0 268
1735570375878 7148008.0 269
1735570457843 7148008.0 270
1735570539399 7148008.0 271
1735570640143 7148008.0 272
1735570721680 7148008.0 273
1735570804156 7148008.0 274
1735570886757 7148008.0 275
1735570973749 7148008.0 276
1735571056404 7148008.0 277
1735571139122 7148008.0 278
1735571225291 7148008.0 279
1735571306898 7148008.0 280
1735571389194 7148008.0 281
1735571470904 7148008.0 282
1735571552448 7148008.0 283
1735571634554 7148008.0 284
1735571716427 7148008.0 285
1735571799506 7148008.0 286
1735571881555 7148008.0 287
1735571963344 7148008.0 288
1735572045060 7148008.0 289
1735572126634 7148008.0 290
1735572208692 7148008.0 291
1735572290559 7148008.0 292
1735572372571 7148008.0 293
1735572454374 7148008.0 294
1735572535497 7148008.0 295
1735572617759 7148008.0 296
1735572700024 7148008.0 297
1735572782593 7148008.0 298
1735572864450 7148008.0 299
