1735548311953 6.926868615394984 0
1735548395324 6.866205663558764 1
1735548478920 5.846480600039164 2
1735548562169 5.551335680179107 3
1735548645821 5.362803295942453 4
1735548728788 5.2758248695960415 5
1735548813142 5.226943946496034 6
1735548896075 5.172224254485888 7
1735548980325 5.153848917056353 8
1735549062833 5.1232456537393425 9
1735549145446 5.091584726480337 10
1735549229148 5.0960505870672375 11
1735549313139 5.0577618189347096 12
1735549397643 5.0495308539806265 13
1735549481327 5.027957512170841 14
1735549564151 5.034229557942122 15
1735549645895 5.021710953956995 16
1735549727216 4.985044034322103 17
1735549808572 4.9785295480336895 18
1735549889782 4.967893126683357 19
1735549971098 4.952023967107137 20
1735550053293 4.963016405472389 21
1735550135120 4.9504021094395565 22
1735550217053 4.921630035913908 23
1735550299799 4.9300912322142185 24
1735550383016 4.923427674709222 25
1735550465262 4.9120219976474075 26
1735550547404 4.905592021269676 27
1735550629987 4.88169053701254 28
1735550712601 4.898487146695455 29
1735550794349 4.879664245629922 30
1735550876587 4.858152100061759 31
1735550958969 4.874901519066248 32
1735551041201 4.870417575347118 33
1735551123738 4.832662661258991 34
1735551206112 4.8386736212632595 35
1735551288456 4.831893896750914 36
1735551370366 4.834112040813153 37
1735551452336 4.821510192675468 38
1735551535362 4.805593209083264 39
1735551617286 4.811147835621467 40
1735551698977 4.802255187584803 41
1735551781263 4.775434563404475 42
1735551863172 4.7851733513367485 43
1735551944268 4.761763524092161 44
1735552027133 4.749117963741988 45
1735552107946 4.777005701798659 46
1735552189340 4.749932028697088 47
1735552271021 4.760764045593066 48
1735552353349 4.753281343594575 49
1735552434687 4.731777060948885 50
1735552516508 4.7088760082538315 51
1735552598196 4.746813177756774 52
1735552679548 4.728176130086948 53
1735552760928 4.701490859496288 54
1735552842829 4.697675650547712 55
1735552924923 4.7149696787198385 56
1735553006438 4.7297054147109 57
1735553087933 4.696303026187114 58
1735553170108 4.680089571842781 59
1735553252396 4.683870616325965 60
1735553333999 4.694474182984767 61
1735553415722 4.683217486968407 62
1735553497305 4.692846880509303 63
1735553578909 4.677534513901442 64
1735553660425 4.653647878536812 65
1735553741970 4.643712782248473 66
1735553823567 4.668738011213449 67
1735553905245 4.671986557887151 68
1735553986573 4.646639149616926 69
1735554067689 4.642200620969136 70
1735554149435 4.633916501815502 71
1735554231281 4.596136059516516 72
1735554313230 4.631656487171466 73
1735554394513 4.60799186871602 74
1735554476484 4.612678444385528 75
1735554558846 4.620988358289767 76
1735554641343 4.6198271399889235 77
1735554723399 4.595088580021492 78
1735554805376 4.637017628779778 79
1735554887537 4.604204695041363 80
1735554969629 4.603178397814433 81
1735555052009 4.59703350342237 82
1735555134052 4.581666633715996 83
1735555215958 4.5785926705751665 84
1735555297961 4.590708575798915 85
1735555380057 4.564535240332286 86
1735555461940 4.530759830352587 87
1735555543736 4.53666235055679 88
1735555626133 4.539555002787174 89
1735555708628 4.561712488761315 90
1735555790500 4.510737748635121 91
1735555872188 4.526173105301001 92
1735555954062 4.532332958930578 93
1735556035615 4.520367850707127 94
1735556117337 4.524110975020971 95
1735556199405 4.5068331290514045 96
1735556281414 4.497273574425624 97
1735556364120 4.507573375640772 98
1735556445976 4.495318290209159 99
1735556527646 4.5162172366411255 100
1735556609405 4.516837750642727 101
1735556691134 4.504002728523353 102
1735556772849 4.52028262309539 103
1735556855094 4.462157455774454 104
1735556937581 4.486655575801165 105
1735557020050 4.456323328079321 106
1735557102194 4.483280092936296 107
1735557184085 4.473272066238599 108
1735557266216 4.4571913694724055 109
1735557348394 4.475301144978939 110
1735557431044 4.461872274142046 111
1735557513206 4.470419652034074 112
1735557595068 4.484081993958889 113
1735557677082 4.444799642990797 114
1735557759579 4.463615737817226 115
1735557841662 4.437836438570267 116
1735557923903 4.442942003714733 117
1735558005588 4.45699350467095 118
1735558088231 4.4225458356050344 119
1735558170233 4.4275712410608925 120
1735558252007 4.422777861509568 121
1735558334126 4.45296128804867 122
1735558416074 4.4053517115421785 123
1735558498227 4.408911609038329 124
1735558579963 4.408579894823906 125
1735558661795 4.40430137132987 126
1735558743684 4.408065808736361 127
1735558825318 4.394401451257559 128
1735558907362 4.423742990616041 129
1735558988707 4.409893614512224 130
1735559070556 4.391515184365786 131
1735559152859 4.391486062453343 132
1735559234563 4.393861423700284 133
1735559317165 4.4029478415464745 134
1735559399613 4.343360671018943 135
1735559481212 4.360310726288038 136
1735559563356 4.3485889153602795 137
1735559646123 4.357335159106133 138
1735559728756 4.34870548309424 139
1735559810871 4.345274876019894 140
1735559893403 4.349842825914041 141
1735559975886 4.34817966467295 142
1735560058459 4.335011939819043 143
1735560140104 4.349813976348975 144
1735560221962 4.339918565138793 145
1735560303812 4.331140053577912 146
1735560385823 4.302016931925064 147
1735560467100 4.326433300971985 148
1735560548415 4.2960347255071 149
1735560629978 4.282750586362986 150
1735560711648 4.287006540176196 151
1735560793404 4.304733927127643 152
1735560874849 4.262498636123461 153
1735560956151 4.296952174565731 154
1735561037964 4.317528878114162 155
1735561119397 4.302356017552889 156
1735561201817 4.23490777137952 157
1735561283712 4.291864680326902 158
1735561364861 4.268492361826774 159
1735561446298 4.29904929063259 160
1735561528147 4.302249515973605 161
1735561609662 4.283188353440701 162
1735561691138 4.287841676748716 163
1735561772581 4.265252484113742 164
1735561854246 4.22235960257359 165
1735561935766 4.258252476423214 166
1735562016827 4.267548096791292 167
1735562098445 4.242994138827691 168
1735562180460 4.271985472776951 169
1735562262668 4.236480499842228 170
1735562343952 4.251964785502508 171
1735562426140 4.175280966819861 172
1735562508552 4.225007612888629 173
1735562590809 4.208963639919574 174
1735562672962 4.250167213342128 175
1735562754900 4.246016542728131 176
1735562836776 4.20001990764569 177
1735562918783 4.19860051106184 178
1735563000298 4.185863173924959 179
1735563082747 4.233743510796473 180
1735563164487 4.23610984881719 181
1735563246579 4.182789767399813 182
1735563327749 4.203570269315671 183
1735563409356 4.1929610992089295 184
1735563491182 4.139568718885764 185
1735563573487 4.182732283457732 186
1735563654839 4.1917116128481355 187
1735563736591 4.183351734051338 188
1735563818776 4.1762140717261875 189
1735563900521 4.187466506774609 190
1735563982967 4.18983554595556 191
1735564064993 4.158598572168595 192
1735564146979 4.194338278281383 193
1735564228959 4.125243091888917 194
1735564311266 4.151215556034675 195
1735564393119 4.174365508862031 196
1735564475029 4.191409715628013 197
1735564557127 4.124849988558354 198
1735564638281 4.151420911764487 199
1735564720340 4.112167573586488 200
1735564803404 4.140235473559453 201
1735564886243 4.105897150589869 202
1735564968871 4.1335310825934775 203
1735565050423 4.099049896154648 204
1735565132448 4.129288369875688 205
1735565214444 4.120655668087495 206
1735565296793 4.14917466365374 207
1735565378724 4.106131948263217 208
1735565460753 4.136925679903764 209
1735565542546 4.137009959648817 210
1735565624202 4.150905042428237 211
1735565706415 4.125018762319516 212
1735565788287 4.123396190618857 213
1735565870082 4.136811206585322 214
1735565952128 4.103364223088974 215
1735566034047 4.124091903979962 216
1735566115846 4.142328882523072 217
1735566197200 4.090400674098578 218
1735566278840 4.102519781467242 219
1735566360848 4.054375877441504 220
1735566442264 4.086670420720027 221
1735566524457 4.065746269470606 222
1735566606083 4.090893297623365 223
1735566687895 4.085025063844827 224
1735566769952 4.0699383802903 225
1735566851548 4.083804310590793 226
1735566933098 4.077405663942679 227
1735567014580 4.03197682087238 228
1735567096826 4.093171628316243 229
1735567178256 4.060333254092779 230
1735567260759 4.061719677387139 231
1735567342872 4.050597347968664 232
1735567424288 4.081967366964389 233
1735567506497 4.0293713490168255 234
1735567588644 4.014809629856011 235
1735567670819 4.055335930983225 236
1735567753153 4.027736317194425 237
1735567835682 4.062797362987812 238
1735567918156 4.039262642310216 239
1735568000276 4.058968082146767 240
1735568082285 4.027692903616489 241
1735568163808 4.053907126035446 242
1735568245219 4.036984850504459 243
1735568327071 4.0378523707389835 244
1735568408850 4.0453888055605765 245
1735568490538 3.9586681962013244 246
1735568572167 4.049078335517492 247
1735568653687 4.0596240061980025 248
1735568735765 3.9956552899800815 249
1735568817366 4.02353346928572 250
1735568899439 4.002929591826904 251
1735568981151 4.040362894535065 252
1735569062715 3.995909559726715 253
1735569145151 4.030796953959343 254
1735569226559 4.02215233154786 255
1735569308728 3.986289684283428 256
1735569390862 3.973538401799324 257
1735569472820 3.984796057297633 258
1735569554442 3.9694713222674833 259
1735569636490 4.0149272451033955 260
1735569717544 3.991753418934651 261
1735569800070 3.9538871358602474 262
1735569883243 4.028192459619962 263
1735569966250 3.992561727303725 264
1735570048181 4.026646446876037 265
1735570129478 3.982857459019392 266
1735570211633 3.97666106346326 267
1735570293348 3.9919604484851545 268
1735570375875 3.986063362390567 269
1735570457840 3.993238364121853 270
1735570539396 4.038739544611711 271
1735570640140 3.969444619692289 272
1735570721675 3.98838846102739 273
1735570804152 3.948183791148357 274
1735570886754 4.01461707231326 275
1735570973746 4.015262085963518 276
1735571056401 3.973015933464735 277
1735571139118 3.945761556808765 278
1735571225288 3.9366059868763656 279
1735571306895 3.9852050973818853 280
1735571389191 3.9570783336957294 281
1735571470900 3.952044701576233 282
1735571552444 3.9498922320512624 283
1735571634549 4.023363086199149 284
1735571716424 3.942947698862125 285
1735571799498 3.9303858295465126 286
1735571881551 3.9667469024658204 287
1735571963340 3.954092777081025 288
1735572045057 3.9569099322343484 289
1735572126631 3.9485437726363157 290
1735572208689 3.9745228703205404 291
1735572290556 4.008942172771845 292
1735572372567 4.0066226775829605 293
1735572454371 3.9947151474463634 294
1735572535493 3.9643679441549837 295
1735572617755 3.9938991769766194 296
1735572700021 3.955687121550242 297
1735572782589 3.999103886041886 298
1735572864447 3.979016963029519 299
