1735548311951 1.0000000000000076e-06 0
1735548395323 1.0000000000000076e-06 1
1735548478919 5.080000000000013e-05 2
1735548562168 0.00010059999999999946 3
1735548645820 0.00015040000000000054 4
1735548728787 0.00020019999999999874 5
1735548813140 0.00024983554417054685 6
1735548896073 0.00024976320741139347 7
1735548980323 0.00024967773726693285 8
1735549062832 0.0002495791431099404 9
1735549145445 0.00024946743575236823 10
1735549229146 0.0002493426274441934 11
1735549313138 0.00024920473187204837 12
1735549397642 0.00024905376415773644 13
1735549481325 0.0002488897408565727 14
1735549564149 0.00024871267995555887 15
1735549645893 0.00024852260087141864 16
1735549727215 0.0002483195244484582 17
1735549808570 0.0002481034729563114 18
1735549889780 0.00024787447008744074 19
1735549971097 0.0002476325409546079 20
1735550053292 0.00024737771208805797 21
1735550135119 0.000247110011432651 22
1735550217052 0.0002468294683447801 23
1735550299797 0.00024653611358915723 24
1735550383014 0.00024622997933543386 25
1735550465260 0.0002459110991546868 26
1735550547403 0.00024557950801572134 27
1735550629985 0.00024523524228123317 28
1735550712600 0.00024487833970384884 29
1735550794348 0.00024450883942195306 30
1735550876585 0.00024412678195541787 31
1735550958967 0.00024373220920115185 32
1735551041200 0.00024332516442850002 33
1735551123736 0.00024290569227450665 34
1735551206111 0.00024247383873902856 35
1735551288455 0.00024202965117966593 36
1735551370364 0.0002415731783065901 37
1735551452334 0.00024110447017719843 38
1735551535360 0.00024062357819061927 39
1735551617285 0.00024013055508207885 40
1735551698975 0.00023962545491711142 41
1735551781259 0.00023910833308564772 42
1735551863171 0.00023857924629592123 43
1735551944267 0.0002380382525682641 44
1735552027131 0.0002374854112287282 45
1735552107944 0.00023692078290260513 46
1735552189338 0.0002363444295077473 47
1735552271020 0.00023575641424779717 48
1735552353348 0.00023515680160526473 49
1735552434686 0.00023454565733442453 50
1735552516507 0.00023392304845413112 51
1735552598194 0.0002332890432404744 52
1735552679546 0.0002326437112192593 53
1735552760925 0.00023198712315842173 54
1735552842827 0.0002313193510602431 55
1735552924922 0.00023064046815345077 56
1735553006436 0.00022995054888521143 57
1735553087931 0.00022924966891294885 58
1735553170107 0.00022853790509604432 59
1735553252395 0.00022781533548742574 60
1735553333997 0.00022708203932499216 61
1735553415720 0.0002263380970229341 62
1735553497304 0.00022558359016290508 63
1735553578907 0.00022481860148508442 64
1735553660423 0.00022404321487909883 65
1735553741969 0.00022325751537483537 66
1735553823566 0.0002224615891330957 67
1735553905244 0.00022165552343615671 68
1735553986571 0.0002208394066782102 69
1735554067687 0.00022001332835565419 70
1735554149434 0.00021917737905728662 71
1735554231280 0.00021833165045436896 72
1735554313228 0.00021747623529056907 73
1735554394511 0.00021661122737180348 74
1735554476483 0.00021573672155593518 75
1735554558844 0.00021485281374238472 76
1735554641341 0.00021395960086160502 77
1735554723397 0.00021305718086445 78
1735554805375 0.00021214565271144228 79
1735554887536 0.0002112251163619195 80
1735554969628 0.00021029567276306273 81
1735555052008 0.00020935742383883742 82
1735555134051 0.00020841047247881225 83
1735555215957 0.00020745492252687424 84
1735555297960 0.0002064908787698426 85
1735555380056 0.00020551844692598002 86
1735555461939 0.0002045377336333959 87
1735555543735 0.00020354884643835732 88
1735555626132 0.0002025518937834859 89
1735555708626 0.0002015469849958735 90
1735555790498 0.00020053423027509707 91
1735555872187 0.00019951374068112148 92
1735555954061 0.0001984856281221316 93
1735556035614 0.00019745000534225613 94
1735556117336 0.00019640698590920198 95
1735556199404 0.00019535668420180152 96
1735556281412 0.00019429921539748082 97
1735556364118 0.00019323469545960158 98
1735556445975 0.00019216324112477628 99
1735556527644 0.0001910849698900455 100
1735556609404 0.0001900000000000002 101
1735556691133 0.0001889084504338168 102
1735556772848 0.000187810440892207 103
1735556855092 0.00018670609178428481 104
1735556937580 0.00018559552421438288 105
1735557020049 0.00018447885996874592 106
1735557102191 0.00018335622150219186 107
1735557184083 0.00018222773192468032 108
1735557266214 0.00018109351498780946 109
1735557348392 0.00017995369507124747 110
1735557431042 0.00017880839716909657 111
1735557513205 0.0001776577468761745 112
1735557595066 0.00017650187037425314 113
1735557677081 0.00017534089441821607 114
1735557759576 0.00017417494632216018 115
1735557841660 0.00017300415394543635 116
1735557923901 0.00017182864567861903 117
1735558005586 0.000170648550429434 118
1735558088230 0.0001694639976086294 119
1735558170232 0.00016827511711576957 120
1735558252005 0.0001670820393249939 121
1735558334124 0.0001658848950707308 122
1735558416073 0.00016468381563333734 123
1735558498226 0.00016347893272470639 124
1735558579961 0.000162270378473833 125
1735558661794 0.0001610582854123032 126
1735558743682 0.00015984278645978122 127
1735558825316 0.00015862401490943055 128
1735558907360 0.00015740210441327792 129
1735558988706 0.00015617718896758506 130
1735559070553 0.00015494940289813162 131
1735559152858 0.00015371888084549616 132
1735559234562 0.00015248575775028697 133
1735559317163 0.00015125016883835117 134
1735559399611 0.0001500122496059315 135
1735559481210 0.0001487721358048292 136
1735559563355 0.0001475299634274905 137
1735559646122 0.00014628586869211576 138
1735559728755 0.00014503998802771527 139
1735559810870 0.0001437924580591433 140
1735559893401 0.00014254341559211822 141
1735559975885 0.0001412929975982209 142
1735560058458 0.00014004134119987934 143
1735560140102 0.0001387885836553144 144
1735560221960 0.00013753486234351767 145
1735560303810 0.0001362803147491529 146
1735560385822 0.0001350250784475029 147
1735560467098 0.0001337692910893742 148
1735560548414 0.0001325130903860034 149
1735560629976 0.0001312566140939505 150
1735560711647 0.00012999999999999977 151
1735560793402 0.00012874338590605075 152
1735560874848 0.00012748690961399784 153
1735560956150 0.0001262307089106243 154
1735561037963 0.00012497492155249566 155
1735561119396 0.00012371968525084573 156
1735561201816 0.00012246513765648334 157
1735561283711 0.000121211416344684 158
1735561364859 0.00011995865880012198 159
1735561446297 0.00011870700240177774 160
1735561528145 0.00011745658440788052 161
1735561609660 0.00011620754194085566 162
1735561691136 0.00011496001197228338 163
1735561772579 0.00011371413130788269 164
1735561854244 0.00011247003657251169 165
1735561935765 0.00011122786419517223 166
1735562016825 0.00010998775039406727 167
1735562098443 0.00010874983116165102 168
1735562180459 0.00010751424224971378 169
1735562262666 0.0001062811191545053 170
1735562343950 0.00010505059710186969 171
1735562426139 0.00010382281103241558 172
1735562508550 0.00010259789558672099 173
1735562590807 0.00010137598509057028 174
1735562672960 0.00010015721354021696 175
1735562754898 9.89417145876975e-05 176
1735562836775 9.772962152616845e-05 177
1735562918781 9.652106727529187e-05 178
1735563000296 9.531618436666346e-05 179
1735563082745 9.411510492926961e-05 180
1735563164485 9.291796067500669e-05 181
1735563246578 9.172488288423217e-05 182
1735563327747 9.053600239136997e-05 183
1735563409355 8.935144957056523e-05 184
1735563491181 8.817135432138257e-05 185
1735563573485 8.699584605456366e-05 186
1735563654838 8.582505367783828e-05 187
1735563736590 8.46591055817839e-05 188
1735563818775 8.349812962574825e-05 189
1735563900519 8.234225312382654e-05 190
1735563982966 8.119160283090437e-05 191
1735564064991 8.004630492875245e-05 192
1735564146977 7.890648501219092e-05 193
1735564228957 7.777226807532003e-05 194
1735564311264 7.664377849780906e-05 195
1735564393118 7.552114003125505e-05 196
1735564475027 7.440447578561612e-05 197
1735564557125 7.329390821571321e-05 198
1735564638280 7.218955910779435e-05 199
1735564720338 7.109154956618306e-05 200
1735564803403 7.000000000000041e-05 201
1735564886242 6.891503010995545e-05 202
1735564968869 6.783675887522468e-05 203
1735565050422 6.676530454039892e-05 204
1735565132447 6.570078460252025e-05 205
1735565214443 6.464331579819647e-05 206
1735565296791 6.359301409079866e-05 207
1735565378723 6.254999465774388e-05 208
1735565460752 6.151437187786769e-05 209
1735565542545 6.048625931887827e-05 210
1735565624201 5.946576972490341e-05 211
1735565706413 5.845301500412633e-05 212
1735565788286 5.744810621651523e-05 213
1735565870081 5.6451153561642594e-05 214
1735565952127 5.546226636660258e-05 215
1735566034045 5.448155307401928e-05 216
1735566115844 5.350912123015772e-05 217
1735566197198 5.254507747312614e-05 218
1735566278838 5.158952752118757e-05 219
1735566360847 5.064257616116161e-05 220
1735566442263 4.970432723693684e-05 221
1735566524455 4.8774883638080795e-05 222
1735566606081 4.7854347288557544e-05 223
1735566687890 4.694281913555113e-05 224
1735566769951 4.6040399138396325e-05 225
1735566851547 4.514718625761431e-05 226
1735566933097 4.426327844406369e-05 227
1735567014579 4.3388772628196236e-05 228
1735567096825 4.252376470943045e-05 229
1735567178254 4.166834954563186e-05 230
1735567260758 4.0822620942712955e-05 231
1735567342870 3.998667164434485e-05 232
1735567424286 3.9160593321789165e-05 233
1735567506496 3.8344476563843093e-05 234
1735567588643 3.7538410866905005e-05 235
1735567670818 3.674248462516362e-05 236
1735567753151 3.5956785120899066e-05 237
1735567835680 3.5181398514917315e-05 238
1735567918155 3.441640983709671e-05 239
1735568000274 3.3661902977065965e-05 240
1735568082284 3.2917960675006495e-05 241
1735568163807 3.2184664512573286e-05 242
1735568245217 3.146209490395565e-05 243
1735568327070 3.075033108705269e-05 244
1735568408848 3.004945111478817e-05 245
1735568490536 2.935953184654908e-05 246
1735568572165 2.868064893975808e-05 247
1735568653686 2.801287684157638e-05 248
1735568735763 2.735628878073934e-05 249
1735568817364 2.6710956759526744e-05 250
1735568899438 2.6076951545867476e-05 251
1735568981150 2.5454342665577446e-05 252
1735569062713 2.4843198394736453e-05 253
1735569145149 2.4243585752200943e-05 254
1735569226557 2.3655570492254304e-05 255
1735569308727 2.3079217097395972e-05 256
1735569390861 2.2514588771270658e-05 257
1735569472819 2.1961747431736995e-05 258
1735569554441 2.1420753704077728e-05 259
1735569636488 2.0891666914351977e-05 260
1735569717542 2.0374545082887825e-05 261
1735569800069 1.986944491792239e-05 262
1735569883241 1.9376421809379782e-05 263
1735569966249 1.8895529822800715e-05 264
1735570048179 1.8426821693409748e-05 265
1735570129476 1.797034882033566e-05 266
1735570211631 1.752616126097299e-05 267
1735570293347 1.709430772549308e-05 268
1735570375873 1.6674835571502177e-05 269
1735570457838 1.626779079884971e-05 270
1735570539395 1.5873218044581704e-05 271
1735570640139 1.5491160578046805e-05 272
1735570721673 1.512166029615186e-05 273
1735570804151 1.4764757718766718e-05 274
1735570886752 1.442049198428103e-05 275
1735570973745 1.408890084531188e-05 276
1735571056399 1.3770020664564368e-05 277
1735571139117 1.3463886410843741e-05 278
1735571225287 1.3170531655220648e-05 279
1735571306893 1.2889988567350358e-05 280
1735571389190 1.2622287911943403e-05 281
1735571470899 1.2367459045393469e-05 282
1735571552443 1.2125529912557392e-05 283
1735571634548 1.1896527043690855e-05 284
1735571716422 1.1680475551539428e-05 285
1735571799497 1.1477399128583578e-05 286
1735571881550 1.1287320044441414e-05 287
1735571963339 1.1110259143426771e-05 288
1735572045056 1.0946235842262703e-05 289
1735572126629 1.0795268127952511e-05 290
1735572208687 1.0657372555807232e-05 291
1735572290554 1.0532564247630448e-05 292
1735572372566 1.0420856890059477e-05 293
1735572454370 1.0322262733065029e-05 294
1735572535492 1.023679258860742e-05 295
1735572617753 1.01644558294511e-05 296
1735572700019 1.0105260388137077e-05 297
1735572782584 1.0059212756112295e-05 298
1735572864445 1.0026317983018585e-05 299
