1735541288406 0.0 0
1735541315207 1.0 1
1735541344075 2.0 2
1735541371787 3.0 3
1735541399341 4.0 4
1735541426733 5.0 5
1735541454472 6.0 6
1735541482654 7.0 7
1735541510968 8.0 8
1735541538894 9.0 9
1735541566671 10.0 10
1735541594554 11.0 11
1735541622088 12.0 12
1735541650536 13.0 13
1735541678527 14.0 14
1735541705942 15.0 15
1735541733773 16.0 16
1735541762160 17.0 17
1735541790618 18.0 18
1735541818433 19.0 19
1735541847314 20.0 20
1735541875449 21.0 21
1735541903515 22.0 22
1735541932710 23.0 23
1735541960449 24.0 24
1735541988841 25.0 25
1735542016506 26.0 26
1735542044440 27.0 27
1735542071938 28.0 28
1735542099401 29.0 29
1735542127005 30.0 30
1735542155018 31.0 31
1735542182470 32.0 32
1735542210443 33.0 33
1735542238034 34.0 34
1735542266369 35.0 35
1735542293865 36.0 36
1735542321602 37.0 37
1735542349583 38.0 38
1735542377391 39.0 39
1735542405077 40.0 40
1735542433167 41.0 41
1735542461123 42.0 42
1735542488887 43.0 43
1735542516732 44.0 44
1735542544871 45.0 45
1735542572203 46.0 46
1735542600918 47.0 47
1735542628367 48.0 48
1735542656133 49.0 49
1735542683792 50.0 50
1735542711588 51.0 51
1735542738820 52.0 52
1735542767038 53.0 53
1735542794902 54.0 54
1735542822381 55.0 55
1735542850947 56.0 56
1735542878666 57.0 57
1735542906306 58.0 58
1735542934236 59.0 59
1735542961207 60.0 60
1735542989530 61.0 61
1735543017512 62.0 62
1735543045650 63.0 63
1735543073316 64.0 64
1735543100643 65.0 65
1735543128256 66.0 66
1735543156385 67.0 67
1735543183562 68.0 68
1735543212235 69.0 69
1735543240065 70.0 70
1735543267951 71.0 71
1735543295589 72.0 72
1735543323407 73.0 73
1735543351369 74.0 74
1735543378835 75.0 75
1735543407091 76.0 76
1735543434618 77.0 77
1735543462332 78.0 78
1735543489123 79.0 79
1735543517531 80.0 80
1735543545322 81.0 81
1735543572974 82.0 82
1735543601142 83.0 83
1735543629437 84.0 84
1735543657466 85.0 85
1735543685287 86.0 86
1735543712590 87.0 87
1735543740615 88.0 88
1735543767994 89.0 89
1735543795625 90.0 90
1735543823620 91.0 91
1735543851461 92.0 92
1735543879161 93.0 93
1735543907786 94.0 94
1735543935562 95.0 95
1735543962751 96.0 96
1735543990294 97.0 97
1735544018658 98.0 98
1735544046271 99.0 99
