1735541288407 6974308.0 0
1735541315208 6974308.0 1
1735541344076 6974308.0 2
1735541371788 6974308.0 3
1735541399342 6974308.0 4
1735541426734 6974308.0 5
1735541454473 6974308.0 6
1735541482655 6974308.0 7
1735541510969 6974308.0 8
1735541538894 6974308.0 9
1735541566672 6974308.0 10
1735541594554 6974308.0 11
1735541622089 6974308.0 12
1735541650537 6974308.0 13
1735541678528 6974308.0 14
1735541705943 6974308.0 15
1735541733774 6974308.0 16
1735541762161 6974308.0 17
1735541790619 6974308.0 18
1735541818434 6974308.0 19
1735541847314 6974308.0 20
1735541875450 6974308.0 21
1735541903516 6974308.0 22
1735541932710 6974308.0 23
1735541960450 6974308.0 24
1735541988842 6974308.0 25
1735542016507 6974308.0 26
1735542044441 6974308.0 27
1735542071939 6974308.0 28
1735542099402 6974308.0 29
1735542127006 6974308.0 30
1735542155019 6974308.0 31
1735542182471 6974308.0 32
1735542210443 6974308.0 33
1735542238035 6974308.0 34
1735542266370 6974308.0 35
1735542293866 6974308.0 36
1735542321602 6974308.0 37
1735542349584 6974308.0 38
1735542377391 6974308.0 39
1735542405078 6974308.0 40
1735542433168 6974308.0 41
1735542461123 6974308.0 42
1735542488888 6974308.0 43
1735542516732 6974308.0 44
1735542544872 6974308.0 45
1735542572204 6974308.0 46
1735542600919 6974308.0 47
1735542628368 6974308.0 48
1735542656134 6974308.0 49
1735542683793 6974308.0 50
1735542711588 6974308.0 51
1735542738820 6974308.0 52
1735542767039 6974308.0 53
1735542794903 6974308.0 54
1735542822382 6974308.0 55
1735542850948 6974308.0 56
1735542878667 6974308.0 57
1735542906307 6974308.0 58
1735542934237 6974308.0 59
1735542961208 6974308.0 60
1735542989531 6974308.0 61
1735543017512 6974308.0 62
1735543045651 6974308.0 63
1735543073317 6974308.0 64
1735543100644 6974308.0 65
1735543128256 6974308.0 66
1735543156386 6974308.0 67
1735543183563 6974308.0 68
1735543212236 6974308.0 69
1735543240066 6974308.0 70
1735543267952 6974308.0 71
1735543295589 6974308.0 72
1735543323408 6974308.0 73
1735543351369 6974308.0 74
1735543378835 6974308.0 75
1735543407091 6974308.0 76
1735543434619 6974308.0 77
1735543462333 6974308.0 78
1735543489124 6974308.0 79
1735543517531 6974308.0 80
1735543545323 6974308.0 81
1735543572974 6974308.0 82
1735543601143 6974308.0 83
1735543629438 6974308.0 84
1735543657467 6974308.0 85
1735543685288 6974308.0 86
1735543712590 6974308.0 87
1735543740616 6974308.0 88
1735543767995 6974308.0 89
1735543795626 6974308.0 90
1735543823621 6974308.0 91
1735543851462 6974308.0 92
1735543879161 6974308.0 93
1735543907786 6974308.0 94
1735543935563 6974308.0 95
1735543962752 6974308.0 96
1735543990294 6974308.0 97
1735544018659 6974308.0 98
1735544046271 6974308.0 99
