1735541288402 4.646072274630832 0
1735541315205 4.642021395496486 1
1735541344072 4.599407438150386 2
1735541371784 4.539323801846848 3
1735541399338 4.483838678635273 4
1735541426730 4.44350639077806 5
1735541454469 4.414923721982031 6
1735541482650 4.38605909740802 7
1735541510966 4.347356443552627 8
1735541538891 4.337313869564803 9
1735541566669 4.313318788390799 10
1735541594551 4.295374402065867 11
1735541622085 4.288602843727033 12
1735541650533 4.276466109703496 13
1735541678525 4.259777111490977 14
1735541705939 4.234786908651135 15
1735541733771 4.224177979316908 16
1735541762158 4.209966760320762 17
1735541790616 4.197568041762126 18
1735541818431 4.1629847202104395 19
1735541847311 4.183932581513198 20
1735541875447 4.1760180168545125 21
1735541903513 4.172969555117421 22
1735541932707 4.1445721781130915 23
1735541960446 4.143465803456061 24
1735541988839 4.1311013956659846 25
1735542016503 4.117319218276703 26
1735542044437 4.113308652774575 27
1735542071935 4.085857278907422 28
1735542099399 4.090607625307496 29
1735542127002 4.067339660580625 30
1735542155016 4.090907284279459 31
1735542182468 4.071739579598928 32
1735542210440 4.073835599668247 33
1735542238031 4.053716996281417 34
1735542266366 4.0341099814041375 35
1735542293862 4.026267336815903 36
1735542321599 4.033188661349189 37
1735542349581 4.041811203833708 38
1735542377388 4.024201708970611 39
1735542405075 4.00849212690727 40
1735542433165 3.9931449804109396 41
1735542461120 3.972065917609893 42
1735542488885 3.9876519576790406 43
1735542516729 3.976565053782512 44
1735542544868 3.978354889707467 45
1735542572200 4.002015928017724 46
1735542600915 3.976727379351547 47
1735542628365 3.9540608420814434 48
1735542656130 3.949969446536192 49
1735542683790 3.9260739911462843 50
1735542711585 3.948161010275182 51
1735542738817 3.9105091340763054 52
1735542767036 3.914683811443368 53
1735542794900 3.925460578854551 54
1735542822378 3.9035685701468554 55
1735542850944 3.895469864004666 56
1735542878664 3.907675649087454 57
1735542906303 3.881861010163101 58
1735542934233 3.852189194910305 59
1735542961205 3.8975001936106337 60
1735542989527 3.8821081451533996 61
1735543017509 3.8545793012245415 62
1735543045647 3.8548865201546976 63
1735543073314 3.884318403361999 64
1735543100641 3.877178501837032 65
1735543128253 3.856234735434817 66
1735543156382 3.8752996042831658 67
1735543183559 3.824686231686897 68
1735543212232 3.8431309430869582 69
1735543240063 3.812668166209742 70
1735543267949 3.8062408707805515 71
1735543295586 3.826511918269482 72
1735543323404 3.822685804563699 73
1735543351366 3.7916450039627625 74
1735543378832 3.791243084927195 75
1735543407088 3.8041062152262817 76
1735543434616 3.8094677753055217 77
1735543462330 3.8019819124457763 78
1735543489121 3.7885430541235148 79
1735543517528 3.773908380380611 80
1735543545319 3.8092660762600064 81
1735543572971 3.7863173736739406 82
1735543601140 3.7858372951291273 83
1735543629435 3.7797011137008667 84
1735543657463 3.786335132171198 85
1735543685284 3.7822261034827873 86
1735543712587 3.7927641622798958 87
1735543740613 3.822283893516383 88
1735543767988 3.7771445076490187 89
1735543795623 3.785735537710878 90
1735543823618 3.772333473888869 91
1735543851456 3.7628106315111376 92
1735543879158 3.740036247931805 93
1735543907783 3.7610267283990213 94
1735543935560 3.756936545224534 95
1735543962749 3.777764643590475 96
1735543990291 3.7826079486571635 97
1735544018656 3.7075302183013603 98
1735544046268 3.771566558130009 99
