1735541288400 9.999999999999983e-07 0
1735541315203 9.999999999999983e-07 1
1735541344071 0.00010079999999999989 2
1735541371783 0.0002006 3
1735541399337 0.00030039999999999955 4
1735541426729 0.00040020000000000057 5
1735541454468 0.0004969836434458094 6
1735541482648 0.0004956603764285291 7
1735541510964 0.0004940996066749929 8
1735541538890 0.0004923028744765139 9
1735541566668 0.0004902719529908516 10
1735541594550 0.000488008846492312 11
1735541622084 0.000485515788393786 12
1735541650532 0.00048279523904262077 13
1735541678523 0.0004798498832925754 14
1735541705938 0.00047668262785417525 15
1735541733769 0.00047329659842614935 16
1735541762156 0.00046969513661074725 17
1735541790614 0.0004658817966159667 18
1735541818429 0.00046186034174799294 19
1735541847310 0.0004576347406972677 20
1735541875445 0.00045320916362186214 21
1735541903511 0.0004485879780320445 22
1735541932706 0.00044377574448006834 23
1735541960445 0.00043877721205946206 24
1735541988837 0.00043359731371824645 25
1735542016502 0.0004282411613907042 26
1735542044436 0.00042271404095252867 27
1735542071934 0.00041702140700429485 28
1735542099397 0.00041116887748842833 29
1735542127001 0.00040516222814497994 30
1735542155014 0.00039900738681165627 31
1735542182466 0.00039271042757377245 32
1735542210439 0.00038627756476985385 33
1735542238029 0.0003797151468588405 34
1735542266365 0.00037302965015491995 35
1735542293861 0.0003662276724361892 36
1735542321598 0.00035931592643344284 37
1735542349579 0.00035230123320552104 38
1735542377387 0.00034519051540774637 39
1735542405074 0.00033799079046009645 40
1735542433163 0.0003307091636218618 41
1735542461119 0.0003233528209796105 42
1735542488883 0.00031592902235538876 43
1735542516728 0.0003084450941421533 44
1735542544867 0.00030090842207350295 45
1735542572199 0.00029332644393485687 46
1735542600914 0.00028570664222325417 47
1735542628363 0.00027805653676303576 48
1735542656127 0.0002703836772846822 49
1735542683788 0.00026269563597414164 50
1735542711584 0.0002549999999999994 51
1735542738816 0.0002473043640258584 52
1735542767035 0.00023961632271531788 53
1735542794898 0.00023194346323696425 54
1735542822377 0.00022429335777674584 55
1735542850943 0.0002166735560651434 56
1735542878663 0.0002090915779264974 57
1735542906302 0.0002015549058578468 58
1735542934232 0.0001940709776446107 59
1735542961203 0.00018664717902038892 60
1735542989526 0.00017929083637813775 61
1735543017508 0.00017200920953990356 62
1735543045646 0.00016480948459225372 63
1735543073312 0.00015769876679447848 64
1735543100639 0.00015068407356655722 65
1735543128252 0.0001437723275638111 66
1735543156381 0.00013697034984508 67
1735543183558 0.00013028485314115927 68
1735543212231 0.0001237224352301456 69
1735543240062 0.00011728957242622798 70
1735543267947 0.00011099261318834409 71
1735543295585 0.00010483777185502082 72
1735543323403 9.883112251157096e-05 73
1735543351365 9.297859299570518e-05 74
1735543378831 8.728595904747115e-05 75
1735543407087 8.175883860929602e-05 76
1735543434614 7.640268628175422e-05 77
1735543462328 7.122278794053753e-05 78
1735543489118 6.622425551993173e-05 79
1735543517527 6.141202196795578e-05 80
1735543545318 5.67908363781379e-05 81
1735543572970 5.2365259302732434e-05 82
1735543601139 4.813965825200637e-05 83
1735543629433 4.411820338403371e-05 84
1735543657462 4.0304863389253435e-05 85
1735543685283 3.670340157384994e-05 86
1735543712586 3.3317372145825196e-05 87
1735543740611 3.0150116707424633e-05 88
1735543767987 2.7204760957378435e-05 89
1735543795621 2.4484211606214733e-05 90
1735543823617 2.1991153507687356e-05 91
1735543851455 1.9728047009149016e-05 92
1735543879156 1.7697125523485395e-05 93
1735543907782 1.5900393325006944e-05 94
1735543935559 1.4339623571471285e-05 95
1735543962747 1.3016356554191285e-05 96
1735543990289 1.1931898177952965e-05 97
1735544018654 1.1087318672245397e-05 98
1735544046267 1.0483451535073474e-05 99
