1735518369435 0.0 0
1735518417850 1.0 1
1735518466128 2.0 2
1735518514808 3.0 3
1735518562737 4.0 4
1735518611598 5.0 5
1735518660324 6.0 6
1735518709470 7.0 7
1735518757906 8.0 8
1735518805326 9.0 9
1735518853954 10.0 10
1735518901633 11.0 11
1735518950036 12.0 12
1735518998771 13.0 13
1735519046814 14.0 14
1735519095033 15.0 15
1735519142140 16.0 16
1735519189725 17.0 17
1735519238652 18.0 18
1735519287570 19.0 19
1735519334764 20.0 20
1735519382165 21.0 21
1735519431066 22.0 22
1735519478742 23.0 23
1735519527861 24.0 24
1735519576169 25.0 25
1735519623299 26.0 26
1735519672791 27.0 27
1735519721133 28.0 28
1735519767794 29.0 29
1735519815950 30.0 30
1735519864785 31.0 31
1735519912301 32.0 32
1735519959951 33.0 33
1735520008414 34.0 34
1735520056979 35.0 35
1735520104447 36.0 36
1735520152997 37.0 37
1735520200837 38.0 38
1735520250429 39.0 39
1735520298487 40.0 40
1735520346996 41.0 41
1735520395299 42.0 42
1735520443382 43.0 43
1735520490866 44.0 44
1735520539855 45.0 45
1735520588637 46.0 46
1735520637282 47.0 47
1735520685796 48.0 48
1735520734767 49.0 49
1735520782483 50.0 50
1735520831219 51.0 51
1735520880061 52.0 52
1735520928149 53.0 53
1735520976425 54.0 54
1735521025244 55.0 55
1735521074541 56.0 56
1735521122091 57.0 57
1735521169700 58.0 58
1735521218555 59.0 59
1735521266176 60.0 60
1735521314416 61.0 61
1735521362801 62.0 62
1735521411357 63.0 63
1735521459233 64.0 64
1735521507315 65.0 65
1735521555826 66.0 66
1735521603723 67.0 67
1735521652826 68.0 68
1735521699589 69.0 69
1735521748721 70.0 70
1735521797302 71.0 71
1735521844896 72.0 72
1735521893538 73.0 73
1735521941548 74.0 74
1735521989893 75.0 75
1735522038114 76.0 76
1735522086443 77.0 77
1735522135541 78.0 78
1735522184789 79.0 79
1735522233420 80.0 80
1735522280916 81.0 81
1735522329671 82.0 82
1735522377992 83.0 83
1735522426187 84.0 84
1735522473961 85.0 85
1735522522299 86.0 86
1735522570483 87.0 87
1735522618709 88.0 88
1735522667268 89.0 89
1735522714416 90.0 90
1735522762364 91.0 91
1735522811360 92.0 92
1735522859520 93.0 93
1735522906540 94.0 94
1735522954574 95.0 95
1735523003840 96.0 96
1735523052859 97.0 97
1735523099945 98.0 98
1735523147811 99.0 99
