1735518369435 25450084.0 0
1735518417851 25450084.0 1
1735518466128 25450084.0 2
1735518514809 25450084.0 3
1735518562738 25450084.0 4
1735518611599 25450084.0 5
1735518660324 25450084.0 6
1735518709471 25450084.0 7
1735518757907 25450084.0 8
1735518805326 25450084.0 9
1735518853955 25450084.0 10
1735518901633 25450084.0 11
1735518950037 25450084.0 12
1735518998773 25450084.0 13
1735519046814 25450084.0 14
1735519095034 25450084.0 15
1735519142140 25450084.0 16
1735519189726 25450084.0 17
1735519238653 25450084.0 18
1735519287570 25450084.0 19
1735519334765 25450084.0 20
1735519382165 25450084.0 21
1735519431066 25450084.0 22
1735519478744 25450084.0 23
1735519527861 25450084.0 24
1735519576170 25450084.0 25
1735519623300 25450084.0 26
1735519672792 25450084.0 27
1735519721133 25450084.0 28
1735519767795 25450084.0 29
1735519815951 25450084.0 30
1735519864786 25450084.0 31
1735519912301 25450084.0 32
1735519959952 25450084.0 33
1735520008415 25450084.0 34
1735520056980 25450084.0 35
1735520104448 25450084.0 36
1735520152997 25450084.0 37
1735520200837 25450084.0 38
1735520250430 25450084.0 39
1735520298488 25450084.0 40
1735520346997 25450084.0 41
1735520395300 25450084.0 42
1735520443383 25450084.0 43
1735520490867 25450084.0 44
1735520539855 25450084.0 45
1735520588638 25450084.0 46
1735520637283 25450084.0 47
1735520685797 25450084.0 48
1735520734768 25450084.0 49
1735520782484 25450084.0 50
1735520831219 25450084.0 51
1735520880063 25450084.0 52
1735520928150 25450084.0 53
1735520976426 25450084.0 54
1735521025245 25450084.0 55
1735521074542 25450084.0 56
1735521122091 25450084.0 57
1735521169701 25450084.0 58
1735521218556 25450084.0 59
1735521266177 25450084.0 60
1735521314417 25450084.0 61
1735521362802 25450084.0 62
1735521411358 25450084.0 63
1735521459234 25450084.0 64
1735521507315 25450084.0 65
1735521555827 25450084.0 66
1735521603725 25450084.0 67
1735521652828 25450084.0 68
1735521699589 25450084.0 69
1735521748722 25450084.0 70
1735521797303 25450084.0 71
1735521844897 25450084.0 72
1735521893538 25450084.0 73
1735521941549 25450084.0 74
1735521989894 25450084.0 75
1735522038114 25450084.0 76
1735522086444 25450084.0 77
1735522135542 25450084.0 78
1735522184790 25450084.0 79
1735522233421 25450084.0 80
1735522280917 25450084.0 81
1735522329672 25450084.0 82
1735522377992 25450084.0 83
1735522426187 25450084.0 84
1735522473962 25450084.0 85
1735522522300 25450084.0 86
1735522570483 25450084.0 87
1735522618710 25450084.0 88
1735522667268 25450084.0 89
1735522714417 25450084.0 90
1735522762364 25450084.0 91
1735522811360 25450084.0 92
1735522859521 25450084.0 93
1735522906540 25450084.0 94
1735522954574 25450084.0 95
1735523003840 25450084.0 96
1735523052859 25450084.0 97
1735523099947 25450084.0 98
1735523147811 25450084.0 99
