1735518369432 4.637641276280904 0
1735518417847 4.606742045314042 1
1735518466125 4.607509791236563 2
1735518514804 4.5905130093859645 3
1735518562734 4.547843711892354 4
1735518611595 4.499198043469301 5
1735518660321 4.457446299877363 6
1735518709467 4.431168181380046 7
1735518757901 4.3948431764681315 8
1735518805323 4.374375591573027 9
1735518853951 4.351205580013314 10
1735518901630 4.324985453148478 11
1735518950033 4.302188204735825 12
1735518998767 4.296280032580661 13
1735519046811 4.2734929439947775 14
1735519095031 4.252153762837046 15
1735519142137 4.236305199333073 16
1735519189723 4.228469187451392 17
1735519238650 4.206075312550535 18
1735519287567 4.165751317727197 19
1735519334759 4.188557506222086 20
1735519382162 4.168744584334266 21
1735519431063 4.1725437020518115 22
1735519478733 4.142929928204448 23
1735519527858 4.126874064661793 24
1735519576167 4.108834272192926 25
1735519623297 4.098947690319769 26
1735519672788 4.088425702655439 27
1735519721130 4.0637824154391735 28
1735519767792 4.058815992370095 29
1735519815947 4.033725385198888 30
1735519864782 4.047700429700084 31
1735519912298 4.025821252581999 32
1735519959946 4.036818548576119 33
1735520008412 3.9951718087048875 34
1735520056976 3.9677684233360684 35
1735520104444 3.9615104364365648 36
1735520152993 3.967323532424022 37
1735520200832 3.973145715969125 38
1735520250427 3.945936042623422 39
1735520298484 3.9299307588449457 40
1735520346993 3.9045284107788323 41
1735520395295 3.877768791827959 42
1735520443379 3.8952435900255575 43
1735520490863 3.8754405539060377 44
1735520539852 3.879598745365733 45
1735520588633 3.8984990648387634 46
1735520637280 3.854335607327137 47
1735520685793 3.8403781044114496 48
1735520734764 3.825195974910382 49
1735520782478 3.8063480128946994 50
1735520831216 3.8191166034678825 51
1735520880058 3.77825884167681 52
1735520928143 3.776082198644422 53
1735520976422 3.7800532468815438 54
1735521025241 3.761144293952234 55
1735521074539 3.7422953997690653 56
1735521122088 3.7427545914944913 57
1735521169694 3.7215857468929485 58
1735521218552 3.6797399170619927 59
1735521266173 3.7274586079046896 60
1735521314413 3.705554079763668 61
1735521362797 3.670929714576485 62
1735521411354 3.6736680988183954 63
1735521459229 3.6997506624644565 64
1735521507312 3.688013183701899 65
1735521555823 3.6659062787429573 66
1735521603719 3.680998882067572 67
1735521652823 3.617208524463103 68
1735521699586 3.6371445225686143 69
1735521748718 3.6002910573457934 70
1735521797300 3.591595427277162 71
1735521844894 3.607773868079038 72
1735521893535 3.6022011139958177 73
1735521941545 3.5716251632601943 74
1735521989887 3.566788033726289 75
1735522038111 3.57566481398553 76
1735522086440 3.573168172049768 77
1735522135539 3.555656826987709 78
1735522184786 3.5531647488013984 79
1735522233418 3.5249930792248128 80
1735522280914 3.5640759572540364 81
1735522329668 3.527720940481756 82
1735522377989 3.533459948510239 83
1735522426182 3.52719264915309 84
1735522473956 3.531455170247973 85
1735522522296 3.5116812832576714 86
1735522570480 3.5345957113295485 87
1735522618706 3.553905145409181 88
1735522667265 3.50754067885507 89
1735522714414 3.514700071713359 90
1735522762361 3.4895154329919325 91
1735522811357 3.4901898239076754 92
1735522859518 3.4532301585698866 93
1735522906537 3.4853827596939717 94
1735522954569 3.4696204662323 95
1735523003835 3.497180631480266 96
1735523052856 3.513869563943332 97
1735523099941 3.4303124719059346 98
1735523147808 3.4937503933906555 99
