1735518369430 9.999999999999983e-07 0
1735518417846 9.999999999999983e-07 1
1735518466124 0.00010079999999999989 2
1735518514803 0.0002006 3
1735518562733 0.00030039999999999955 4
1735518611593 0.00040020000000000057 5
1735518660320 0.0004969836434458094 6
1735518709466 0.0004956603764285291 7
1735518757900 0.0004940996066749929 8
1735518805322 0.0004923028744765139 9
1735518853949 0.0004902719529908516 10
1735518901628 0.000488008846492312 11
1735518950032 0.000485515788393786 12
1735518998765 0.00048279523904262077 13
1735519046809 0.0004798498832925754 14
1735519095029 0.00047668262785417525 15
1735519142136 0.00047329659842614935 16
1735519189721 0.00046969513661074725 17
1735519238648 0.0004658817966159667 18
1735519287566 0.00046186034174799294 19
1735519334757 0.0004576347406972677 20
1735519382161 0.00045320916362186214 21
1735519431062 0.0004485879780320445 22
1735519478731 0.00044377574448006834 23
1735519527857 0.00043877721205946206 24
1735519576165 0.00043359731371824645 25
1735519623296 0.0004282411613907042 26
1735519672787 0.00042271404095252867 27
1735519721129 0.00041702140700429485 28
1735519767790 0.00041116887748842833 29
1735519815946 0.00040516222814497994 30
1735519864781 0.00039900738681165627 31
1735519912296 0.00039271042757377245 32
1735519959944 0.00038627756476985385 33
1735520008410 0.0003797151468588405 34
1735520056973 0.00037302965015491995 35
1735520104443 0.0003662276724361892 36
1735520152991 0.00035931592643344284 37
1735520200831 0.00035230123320552104 38
1735520250425 0.00034519051540774637 39
1735520298482 0.00033799079046009645 40
1735520346991 0.0003307091636218618 41
1735520395293 0.0003233528209796105 42
1735520443378 0.00031592902235538876 43
1735520490862 0.0003084450941421533 44
1735520539851 0.00030090842207350295 45
1735520588631 0.00029332644393485687 46
1735520637278 0.00028570664222325417 47
1735520685792 0.00027805653676303576 48
1735520734762 0.0002703836772846822 49
1735520782474 0.00026269563597414164 50
1735520831214 0.0002549999999999994 51
1735520880056 0.0002473043640258584 52
1735520928140 0.00023961632271531788 53
1735520976420 0.00023194346323696425 54
1735521025239 0.00022429335777674584 55
1735521074537 0.0002166735560651434 56
1735521122086 0.0002090915779264974 57
1735521169692 0.0002015549058578468 58
1735521218550 0.0001940709776446107 59
1735521266172 0.00018664717902038892 60
1735521314411 0.00017929083637813775 61
1735521362795 0.00017200920953990356 62
1735521411351 0.00016480948459225372 63
1735521459226 0.00015769876679447848 64
1735521507310 0.00015068407356655722 65
1735521555822 0.0001437723275638111 66
1735521603717 0.00013697034984508 67
1735521652821 0.00013028485314115927 68
1735521699584 0.0001237224352301456 69
1735521748716 0.00011728957242622798 70
1735521797298 0.00011099261318834409 71
1735521844893 0.00010483777185502082 72
1735521893532 9.883112251157096e-05 73
1735521941542 9.297859299570518e-05 74
1735521989884 8.728595904747115e-05 75
1735522038109 8.175883860929602e-05 76
1735522086439 7.640268628175422e-05 77
1735522135537 7.122278794053753e-05 78
1735522184784 6.622425551993173e-05 79
1735522233416 6.141202196795578e-05 80
1735522280912 5.67908363781379e-05 81
1735522329667 5.2365259302732434e-05 82
1735522377986 4.813965825200637e-05 83
1735522426180 4.411820338403371e-05 84
1735522473953 4.0304863389253435e-05 85
1735522522293 3.670340157384994e-05 86
1735522570478 3.3317372145825196e-05 87
1735522618704 3.0150116707424633e-05 88
1735522667263 2.7204760957378435e-05 89
1735522714412 2.4484211606214733e-05 90
1735522762360 2.1991153507687356e-05 91
1735522811355 1.9728047009149016e-05 92
1735522859516 1.7697125523485395e-05 93
1735522906535 1.5900393325006944e-05 94
1735522954566 1.4339623571471285e-05 95
1735523003832 1.3016356554191285e-05 96
1735523052855 1.1931898177952965e-05 97
1735523099938 1.1087318672245397e-05 98
1735523147807 1.0483451535073474e-05 99
