1735527366542 0.0 0
1735527416085 1.0 1
1735527464592 2.0 2
1735527513367 3.0 3
1735527561385 4.0 4
1735527614730 5.0 5
1735527678401 6.0 6
1735527736917 7.0 7
1735527789634 8.0 8
1735527840871 9.0 9
1735527890347 10.0 10
1735527940373 11.0 11
1735527989107 12.0 12
1735528037671 13.0 13
1735528086594 14.0 14
1735528140490 15.0 15
1735528198407 16.0 16
1735528258176 17.0 17
1735528311071 18.0 18
1735528360778 19.0 19
1735528410372 20.0 20
1735528459739 21.0 21
1735528508809 22.0 22
1735528557832 23.0 23
1735528613899 24.0 24
1735528677535 25.0 25
1735528737225 26.0 26
1735528792161 27.0 27
1735528846733 28.0 28
1735528897757 29.0 29
1735528948766 30.0 30
1735529000672 31.0 31
1735529051223 32.0 32
1735529101530 33.0 33
1735529151763 34.0 34
1735529210962 35.0 35
1735529275663 36.0 36
1735529337047 37.0 37
1735529391080 38.0 38
1735529445177 39.0 39
1735529496205 40.0 40
1735529545390 41.0 41
1735529595023 42.0 42
1735529645678 43.0 43
1735529701799 44.0 44
1735529765181 45.0 45
1735529828943 46.0 46
1735529883084 47.0 47
1735529936960 48.0 48
1735529988039 49.0 49
1735530038657 50.0 50
1735530089234 51.0 51
1735530139030 52.0 52
1735530190257 53.0 53
1735530238422 54.0 54
1735530288536 55.0 55
1735530338050 56.0 56
1735530388324 57.0 57
1735530437854 58.0 58
1735530487464 59.0 59
1735530538047 60.0 60
1735530587569 61.0 61
1735530636826 62.0 62
1735530685153 63.0 63
1735530736742 64.0 64
1735530786482 65.0 65
1735530835942 66.0 66
1735530885956 67.0 67
1735530935565 68.0 68
1735530985834 69.0 69
1735531034985 70.0 70
1735531085437 71.0 71
1735531135094 72.0 72
1735531185326 73.0 73
1735531234413 74.0 74
1735531283779 75.0 75
1735531334253 76.0 76
1735531383203 77.0 77
1735531433214 78.0 78
1735531482053 79.0 79
1735531531544 80.0 80
1735531581689 81.0 81
1735531631377 82.0 82
1735531680928 83.0 83
1735531729665 84.0 84
1735531779834 85.0 85
1735531828690 86.0 86
1735531879368 87.0 87
1735531929451 88.0 88
1735531978320 89.0 89
1735532027747 90.0 90
1735532078192 91.0 91
1735532127120 92.0 92
1735532177328 93.0 93
1735532225819 94.0 94
1735532275294 95.0 95
1735532324686 96.0 96
1735532374186 97.0 97
1735532423081 98.0 98
1735532472804 99.0 99
