1735527366543 25415434.0 0
1735527416086 25415434.0 1
1735527464593 25415434.0 2
1735527513368 25415434.0 3
1735527561385 25415434.0 4
1735527614731 25415434.0 5
1735527678402 25415434.0 6
1735527736917 25415434.0 7
1735527789635 25415434.0 8
1735527840871 25415434.0 9
1735527890348 25415434.0 10
1735527940374 25415434.0 11
1735527989108 25415434.0 12
1735528037672 25415434.0 13
1735528086595 25415434.0 14
1735528140491 25415434.0 15
1735528198408 25415434.0 16
1735528258177 25415434.0 17
1735528311072 25415434.0 18
1735528360779 25415434.0 19
1735528410373 25415434.0 20
1735528459740 25415434.0 21
1735528508810 25415434.0 22
1735528557833 25415434.0 23
1735528613900 25415434.0 24
1735528677537 25415434.0 25
1735528737226 25415434.0 26
1735528792161 25415434.0 27
1735528846734 25415434.0 28
1735528897758 25415434.0 29
1735528948767 25415434.0 30
1735529000673 25415434.0 31
1735529051224 25415434.0 32
1735529101530 25415434.0 33
1735529151764 25415434.0 34
1735529210963 25415434.0 35
1735529275664 25415434.0 36
1735529337048 25415434.0 37
1735529391081 25415434.0 38
1735529445178 25415434.0 39
1735529496205 25415434.0 40
1735529545390 25415434.0 41
1735529595024 25415434.0 42
1735529645679 25415434.0 43
1735529701800 25415434.0 44
1735529765183 25415434.0 45
1735529828944 25415434.0 46
1735529883085 25415434.0 47
1735529936961 25415434.0 48
1735529988040 25415434.0 49
1735530038658 25415434.0 50
1735530089234 25415434.0 51
1735530139031 25415434.0 52
1735530190258 25415434.0 53
1735530238423 25415434.0 54
1735530288537 25415434.0 55
1735530338050 25415434.0 56
1735530388325 25415434.0 57
1735530437854 25415434.0 58
1735530487465 25415434.0 59
1735530538048 25415434.0 60
1735530587570 25415434.0 61
1735530636826 25415434.0 62
1735530685153 25415434.0 63
1735530736743 25415434.0 64
1735530786483 25415434.0 65
1735530835943 25415434.0 66
1735530885956 25415434.0 67
1735530935566 25415434.0 68
1735530985834 25415434.0 69
1735531034985 25415434.0 70
1735531085441 25415434.0 71
1735531135095 25415434.0 72
1735531185327 25415434.0 73
1735531234414 25415434.0 74
1735531283781 25415434.0 75
1735531334254 25415434.0 76
1735531383204 25415434.0 77
1735531433214 25415434.0 78
1735531482054 25415434.0 79
1735531531545 25415434.0 80
1735531581689 25415434.0 81
1735531631378 25415434.0 82
1735531680929 25415434.0 83
1735531729666 25415434.0 84
1735531779835 25415434.0 85
1735531828691 25415434.0 86
1735531879368 25415434.0 87
1735531929452 25415434.0 88
1735531978321 25415434.0 89
1735532027748 25415434.0 90
1735532078193 25415434.0 91
1735532127121 25415434.0 92
1735532177329 25415434.0 93
1735532225820 25415434.0 94
1735532275295 25415434.0 95
1735532324687 25415434.0 96
1735532374186 25415434.0 97
1735532423085 25415434.0 98
1735532472805 25415434.0 99
