1735527366538 9.999999999999983e-07 0
1735527416082 9.999999999999983e-07 1
1735527464588 0.00010079999999999989 2
1735527513363 0.0002006 3
1735527561381 0.00030039999999999955 4
1735527614720 0.00040020000000000057 5
1735527678392 0.0004969836434458094 6
1735527736911 0.0004956603764285291 7
1735527789630 0.0004940996066749929 8
1735527840867 0.0004923028744765139 9
1735527890343 0.0004902719529908516 10
1735527940369 0.000488008846492312 11
1735527989103 0.000485515788393786 12
1735528037664 0.00048279523904262077 13
1735528086590 0.0004798498832925754 14
1735528140482 0.00047668262785417525 15
1735528198401 0.00047329659842614935 16
1735528258170 0.00046969513661074725 17
1735528311067 0.0004658817966159667 18
1735528360772 0.00046186034174799294 19
1735528410368 0.0004576347406972677 20
1735528459732 0.00045320916362186214 21
1735528508805 0.0004485879780320445 22
1735528557828 0.00044377574448006834 23
1735528613891 0.00043877721205946206 24
1735528677528 0.00043359731371824645 25
1735528737218 0.0004282411613907042 26
1735528792156 0.00042271404095252867 27
1735528846728 0.00041702140700429485 28
1735528897753 0.00041116887748842833 29
1735528948759 0.00040516222814497994 30
1735529000668 0.00039900738681165627 31
1735529051219 0.00039271042757377245 32
1735529101526 0.00038627756476985385 33
1735529151757 0.0003797151468588405 34
1735529210954 0.00037302965015491995 35
1735529275658 0.0003662276724361892 36
1735529337043 0.00035931592643344284 37
1735529391076 0.00035230123320552104 38
1735529445173 0.00034519051540774637 39
1735529496201 0.00033799079046009645 40
1735529545385 0.0003307091636218618 41
1735529595019 0.0003233528209796105 42
1735529645674 0.00031592902235538876 43
1735529701793 0.0003084450941421533 44
1735529765173 0.00030090842207350295 45
1735529828938 0.00029332644393485687 46
1735529883079 0.00028570664222325417 47
1735529936956 0.00027805653676303576 48
1735529988032 0.0002703836772846822 49
1735530038653 0.00026269563597414164 50
1735530089230 0.0002549999999999994 51
1735530139026 0.0002473043640258584 52
1735530190254 0.00023961632271531788 53
1735530238418 0.00023194346323696425 54
1735530288529 0.00022429335777674584 55
1735530338043 0.0002166735560651434 56
1735530388320 0.0002090915779264974 57
1735530437849 0.0002015549058578468 58
1735530487459 0.0001940709776446107 59
1735530538043 0.00018664717902038892 60
1735530587565 0.00017929083637813775 61
1735530636822 0.00017200920953990356 62
1735530685148 0.00016480948459225372 63
1735530736738 0.00015769876679447848 64
1735530786479 0.00015068407356655722 65
1735530835938 0.0001437723275638111 66
1735530885952 0.00013697034984508 67
1735530935559 0.00013028485314115927 68
1735530985830 0.0001237224352301456 69
1735531034981 0.00011728957242622798 70
1735531085433 0.00011099261318834409 71
1735531135090 0.00010483777185502082 72
1735531185323 9.883112251157096e-05 73
1735531234408 9.297859299570518e-05 74
1735531283775 8.728595904747115e-05 75
1735531334249 8.175883860929602e-05 76
1735531383198 7.640268628175422e-05 77
1735531433210 7.122278794053753e-05 78
1735531482048 6.622425551993173e-05 79
1735531531539 6.141202196795578e-05 80
1735531581684 5.67908363781379e-05 81
1735531631374 5.2365259302732434e-05 82
1735531680924 4.813965825200637e-05 83
1735531729661 4.411820338403371e-05 84
1735531779830 4.0304863389253435e-05 85
1735531828686 3.670340157384994e-05 86
1735531879364 3.3317372145825196e-05 87
1735531929447 3.0150116707424633e-05 88
1735531978314 2.7204760957378435e-05 89
1735532027743 2.4484211606214733e-05 90
1735532078188 2.1991153507687356e-05 91
1735532127113 1.9728047009149016e-05 92
1735532177324 1.7697125523485395e-05 93
1735532225815 1.5900393325006944e-05 94
1735532275290 1.4339623571471285e-05 95
1735532324682 1.3016356554191285e-05 96
1735532374181 1.1931898177952965e-05 97
1735532423076 1.1087318672245397e-05 98
1735532472800 1.0483451535073474e-05 99
