1735527366539 2.3633984554674208 0
1735527416083 2.321733043365872 1
1735527464590 1.9228130935393657 2
1735527513365 1.8820350784616373 3
1735527561382 1.869581656664917 4
1735527614726 1.8568202453790252 5
1735527678395 1.861561874753421 6
1735527736913 1.8543956003238244 7
1735527789631 1.8252367773621352 8
1735527840868 1.823634985795955 9
1735527890344 1.8202606516400563 10
1735527940371 1.8175057713518437 11
1735527989105 1.8198940293076111 12
1735528037669 1.8133600741317593 13
1735528086592 1.8187041359463918 14
1735528140485 1.7906829241624813 15
1735528198403 1.7886165982669162 16
1735528258173 1.7782889211300723 17
1735528311068 1.7626550722982466 18
1735528360774 1.7294994528146135 19
1735528410369 1.765706394443807 20
1735528459734 1.7756935133761966 21
1735528508807 1.7708040306863098 22
1735528557829 1.7480540592031382 23
1735528613894 1.750099064455819 24
1735528677531 1.7443109222294129 25
1735528737221 1.7303408547160553 26
1735528792158 1.7488114895279874 27
1735528846730 1.7162108528859836 28
1735528897755 1.7309141306533027 29
1735528948761 1.7118979038036977 30
1735529000669 1.7320159308074676 31
1735529051220 1.7275192218343007 32
1735529101527 1.732731870461985 33
1735529151759 1.7004545478476691 34
1735529210957 1.6898326286950063 35
1735529275660 1.6917395063282288 36
1735529337044 1.6958171292064117 37
1735529391077 1.7073882873525326 38
1735529445175 1.6945409731766612 39
1735529496202 1.6834137519610297 40
1735529545387 1.6734901780320197 41
1735529595020 1.663508931386102 42
1735529645676 1.678913565640597 43
1735529701795 1.6722893376940304 44
1735529765176 1.6889845188131039 45
1735529828940 1.6911531465569722 46
1735529883081 1.6730893954788286 47
1735529936957 1.6515037368253334 48
1735529988034 1.6537330030780477 49
1735530038655 1.643453603552789 50
1735530089231 1.6603596391751594 51
1735530139028 1.6353777852869524 52
1735530190255 1.642949204776705 53
1735530238420 1.6420202255249023 54
1735530288531 1.641211078031776 55
1735530338047 1.6326333883496904 56
1735530388322 1.6244841110460537 57
1735530437851 1.6254233029699816 58
1735530487462 1.5884528799155324 59
1735530538044 1.6286337197441416 60
1735530587567 1.6198990440245755 61
1735530636823 1.59064423085488 62
1735530685150 1.600602744166384 63
1735530736739 1.6275680102023882 64
1735530786480 1.6267872274536448 65
1735530835939 1.6103535829131137 66
1735530885953 1.6208823306351592 67
1735530935560 1.5755144096526903 68
1735530985831 1.596948767445751 69
1735531034982 1.5750952654892636 70
1735531085434 1.5710628740873533 71
1735531135091 1.575502537728585 72
1735531185324 1.5830163553203505 73
1735531234410 1.5587140000665312 74
1735531283776 1.5572975496041406 75
1735531334251 1.5698446347234176 76
1735531383200 1.5797271906715078 77
1735531433211 1.5731171394131847 78
1735531482050 1.5629742366751445 79
1735531531541 1.5447395663593233 80
1735531581686 1.5739900841540897 81
1735531631375 1.5604867036502386 82
1735531680926 1.5471023033881925 83
1735531729663 1.5534329646334206 84
1735531779832 1.557954589423445 85
1735531828688 1.5517087541904646 86
1735531879365 1.5587462384983437 87
1735531929449 1.5756660455588214 88
1735531978316 1.5481236997953396 89
1735532027744 1.5534465308349157 90
1735532078190 1.5387650984771473 91
1735532127115 1.5370765042673682 92
1735532177326 1.512822532162224 93
1735532225817 1.5383892059326172 94
1735532275292 1.538304919588197 95
1735532324684 1.557609680694403 96
1735532374183 1.5566487998999272 97
1735532423078 1.5038999520319025 98
1735532472802 1.5489357427223442 99
