1735589246323 1.000000000000002e-05 0
1735589328649 1.000000000000002e-05 1
1735589413635 1.000000000000002e-05 2
1735589497511 1.000000000000002e-05 3
1735589581845 1.000000000000002e-05 4
1735589664411 1.000000000000002e-05 5
1735589749288 1.000000000000002e-05 6
1735589833188 1.000000000000002e-05 7
1735589916338 1.000000000000002e-05 8
1735590000124 1.000000000000002e-05 9
1735590084384 1.000000000000002e-05 10
1735590167912 1.000000000000002e-05 11
1735590252503 1.000000000000002e-05 12
1735590336044 1.000000000000002e-05 13
1735590419876 1.000000000000002e-05 14
1735590503223 1.000000000000002e-05 15
1735590587019 1.000000000000002e-05 16
