1735589246325 5.315568807198829 0
1735589328651 5.122406652293255 1
1735589413638 4.705877160288624 2
1735589497513 4.379631124206425 3
1735589581846 4.107171489405878 4
1735589664413 3.8859979872851027 5
1735589749290 3.729514592087146 6
1735589833191 3.6052099945618936 7
1735589916339 3.465852385329217 8
1735590000127 3.430138139995103 9
1735590084387 3.372587686346978 10
1735590167914 3.309623462023194 11
1735590252505 3.3063326140039977 12
1735590336047 3.260764982282501 13
1735590419878 3.2369772410884345 14
1735590503225 3.1923795145811495 15
1735590587022 3.178092542997341 16
